Stars	BioStars	Fraction	tag
3	2	0.666666666666667	1_2-4
2	2	1	1_2-4
263	2	0.00760456273764259	1_2-4
8	2	0.25	1_2-4
19	2	0.105263157894737	1_2-4
9	2	0.222222222222222	1_2-4
158	2	0.0126582278481013	1_2-4
40	2	0.05	1_2-4
9	2	0.222222222222222	1_2-4
98	8	0.0816326530612245	4_8-10
7	2	0.285714285714286	1_2-4
333	3	0.00900900900900901	1_2-4
5	2	0.4	1_2-4
680	2	0.00294117647058824	1_2-4
2172	2	0.000920810313075506	1_2-4
82	2	0.024390243902439	1_2-4
9	2	0.222222222222222	1_2-4
3	2	0.666666666666667	1_2-4
2415	6	0.00248447204968944	3_6-8
5064	2	0.000394944707740916	1_2-4
8696	2	0.000229990800367985	1_2-4
16	2	0.125	1_2-4
10	2	0.2	1_2-4
51	2	0.0392156862745098	1_2-4
13	2	0.153846153846154	1_2-4
41	2	0.0487804878048781	1_2-4
866	3	0.00346420323325635	1_2-4
537	2	0.0037243947858473	1_2-4
369	3	0.00813008130081301	1_2-4
10	2	0.2	1_2-4
8	2	0.25	1_2-4
2539	4	0.00157542339503742	2_4-6
15748	16	0.00101600203200406	8_16-18
3	2	0.666666666666667	1_2-4
15	2	0.133333333333333	1_2-4
13507	6	0.000444214111201599	3_6-8
7	2	0.285714285714286	1_2-4
1053	2	0.00189933523266857	1_2-4
203	5	0.0246305418719212	2_4-6
81	9	0.111111111111111	4_8-10
28	3	0.107142857142857	1_2-4
31	2	0.0645161290322581	1_2-4
3	2	0.666666666666667	1_2-4
3	3	1	1_2-4
2	2	1	1_2-4
1372	3	0.0021865889212828	1_2-4
7	2	0.285714285714286	1_2-4
28	3	0.107142857142857	1_2-4
7	2	0.285714285714286	1_2-4
14	2	0.142857142857143	1_2-4
7	2	0.285714285714286	1_2-4
2674	2	0.00074794315632012	1_2-4
17	2	0.117647058823529	1_2-4
63	5	0.0793650793650794	2_4-6
6	2	0.333333333333333	1_2-4
30	2	0.0666666666666667	1_2-4
135	2	0.0148148148148148	1_2-4
22	2	0.0909090909090909	1_2-4
143	2	0.013986013986014	1_2-4
4	2	0.5	1_2-4
22	2	0.0909090909090909	1_2-4
36	2	0.0555555555555556	1_2-4
8	2	0.25	1_2-4
989	2	0.00202224469160768	1_2-4
13	2	0.153846153846154	1_2-4
249	3	0.0120481927710843	1_2-4
8	2	0.25	1_2-4
488	3	0.00614754098360656	1_2-4
77	2	0.025974025974026	1_2-4
13	2	0.153846153846154	1_2-4
2417	5	0.00206868018204386	2_4-6
6	2	0.333333333333333	1_2-4
7	2	0.285714285714286	1_2-4
2	2	1	1_2-4
384	6	0.015625	3_6-8
3	2	0.666666666666667	1_2-4
339	7	0.0206489675516224	3_6-8
7	4	0.571428571428571	2_4-6
2	2	1	1_2-4
2	2	1	1_2-4
77	2	0.025974025974026	1_2-4
2946	2	0.000678886625933469	1_2-4
2	2	1	1_2-4
23115	18	0.000778715120051914	9_18-20
30	4	0.133333333333333	2_4-6
23	2	0.0869565217391304	1_2-4
17	3	0.176470588235294	1_2-4
2	2	1	1_2-4
15	2	0.133333333333333	1_2-4
11	3	0.272727272727273	1_2-4
13	2	0.153846153846154	1_2-4
96	2	0.0208333333333333	1_2-4
17	2	0.117647058823529	1_2-4
216	2	0.00925925925925926	1_2-4
17	2	0.117647058823529	1_2-4
38	4	0.105263157894737	2_4-6
5	3	0.6	1_2-4
54	2	0.037037037037037	1_2-4
4	3	0.75	1_2-4
124	6	0.0483870967741935	3_6-8
27	2	0.0740740740740741	1_2-4
4	3	0.75	1_2-4
15	2	0.133333333333333	1_2-4
4	3	0.75	1_2-4
2859	4	0.00139909059111577	2_4-6
23	4	0.173913043478261	2_4-6
18	2	0.111111111111111	1_2-4
3	2	0.666666666666667	1_2-4
4311	2	0.000463929482718627	1_2-4
8	2	0.25	1_2-4
84	2	0.0238095238095238	1_2-4
1831	5	0.00273074822501365	2_4-6
7	2	0.285714285714286	1_2-4
190	9	0.0473684210526316	4_8-10
63	5	0.0793650793650794	2_4-6
22	4	0.181818181818182	2_4-6
2	2	1	1_2-4
11	2	0.181818181818182	1_2-4
13	3	0.230769230769231	1_2-4
22	2	0.0909090909090909	1_2-4
3946	2	0.000506842372022301	1_2-4
398	4	0.0100502512562814	2_4-6
8	2	0.25	1_2-4
971	2	0.00205973223480947	1_2-4
25	3	0.12	1_2-4
10320	2	0.000193798449612403	1_2-4
1	2	2	1_2-4
11	2	0.181818181818182	1_2-4
31	4	0.129032258064516	2_4-6
2	2	1	1_2-4
4506	2	0.000443852640923213	1_2-4
7	2	0.285714285714286	1_2-4
17	2	0.117647058823529	1_2-4
109	3	0.0275229357798165	1_2-4
268	3	0.0111940298507463	1_2-4
625	3	0.0048	1_2-4
11	3	0.272727272727273	1_2-4
19	4	0.210526315789474	2_4-6
8990	12	0.00133481646273637	6_12-14
2860	4	0.0013986013986014	2_4-6
4	3	0.75	1_2-4
29	3	0.103448275862069	1_2-4
4	2	0.5	1_2-4
2931	4	0.00136472193790515	2_4-6
943	3	0.0031813361611877	1_2-4
171	2	0.0116959064327485	1_2-4
71	5	0.0704225352112676	2_4-6
87	2	0.0229885057471264	1_2-4
2	2	1	1_2-4
22	2	0.0909090909090909	1_2-4
193	2	0.0103626943005181	1_2-4
118	2	0.0169491525423729	1_2-4
23	2	0.0869565217391304	1_2-4
6	2	0.333333333333333	1_2-4
79	2	0.0253164556962025	1_2-4
3	3	1	1_2-4
2160	4	0.00185185185185185	2_4-6
188	2	0.0106382978723404	1_2-4
778	2	0.0025706940874036	1_2-4
7394	2	0.000270489586150933	1_2-4
2	2	1	1_2-4
21	3	0.142857142857143	1_2-4
190	2	0.0105263157894737	1_2-4
9201	2	0.000217367677426367	1_2-4
800	2	0.0025	1_2-4
17	2	0.117647058823529	1_2-4
36	3	0.0833333333333333	1_2-4
6	2	0.333333333333333	1_2-4
2	2	1	1_2-4
14	2	0.142857142857143	1_2-4
4	2	0.5	1_2-4
430	2	0.00465116279069767	1_2-4
5	2	0.4	1_2-4
3729	3	0.00080450522928399	1_2-4
1892	2	0.00105708245243129	1_2-4
1295	4	0.00308880308880309	2_4-6
268	2	0.00746268656716418	1_2-4
29	2	0.0689655172413793	1_2-4
6	2	0.333333333333333	1_2-4
7	3	0.428571428571429	1_2-4
111	2	0.018018018018018	1_2-4
16	2	0.125	1_2-4
12	2	0.166666666666667	1_2-4
4	2	0.5	1_2-4
19	2	0.105263157894737	1_2-4
108	2	0.0185185185185185	1_2-4
1118	2	0.00178890876565295	1_2-4
9	2	0.222222222222222	1_2-4
208	2	0.00961538461538462	1_2-4
560	2	0.00357142857142857	1_2-4
2442	2	0.000819000819000819	1_2-4
2794	4	0.00143163922691482	2_4-6
2	2	1	1_2-4
11	2	0.181818181818182	1_2-4
116	2	0.0172413793103448	1_2-4
5794	2	0.000345184673800483	1_2-4
13964	5	0.000358063592093956	2_4-6
302	4	0.0132450331125828	2_4-6
778	2	0.0025706940874036	1_2-4
18	2	0.111111111111111	1_2-4
28	4	0.142857142857143	2_4-6
321	11	0.0342679127725857	5_10-12
48	3	0.0625	1_2-4
3989	5	0.00125344697919278	2_4-6
64	2	0.03125	1_2-4
556	2	0.00359712230215827	1_2-4
526	3	0.00570342205323194	1_2-4
216	2	0.00925925925925926	1_2-4
42	2	0.0476190476190476	1_2-4
83	2	0.0240963855421687	1_2-4
11	3	0.272727272727273	1_2-4
855	3	0.00350877192982456	1_2-4
205	10	0.0487804878048781	5_10-12
7	2	0.285714285714286	1_2-4
3	3	1	1_2-4
43	4	0.0930232558139535	2_4-6
16	2	0.125	1_2-4
286	2	0.00699300699300699	1_2-4
5	3	0.6	1_2-4
3	3	1	1_2-4
35	5	0.142857142857143	2_4-6
243	2	0.00823045267489712	1_2-4
20840	2	9.59692898272553e-05	1_2-4
186	5	0.0268817204301075	2_4-6
10	4	0.4	2_4-6
108	6	0.0555555555555556	3_6-8
1267	4	0.00315706393054459	2_4-6
723	5	0.00691562932226833	2_4-6
6829	4	0.000585737296822375	2_4-6
45	4	0.0888888888888889	2_4-6
80	2	0.025	1_2-4
84	2	0.0238095238095238	1_2-4
343	3	0.0087463556851312	1_2-4
5328	3	0.000563063063063063	1_2-4
4	4	1	2_4-6
3400	8	0.00235294117647059	4_8-10
16	2	0.125	1_2-4
13	2	0.153846153846154	1_2-4
51	4	0.0784313725490196	2_4-6
2676	2	0.000747384155455904	1_2-4
185	2	0.0108108108108108	1_2-4
14	2	0.142857142857143	1_2-4
7580	2	0.000263852242744063	1_2-4
9	2	0.222222222222222	1_2-4
1819	2	0.00109950522264981	1_2-4
50	2	0.04	1_2-4
14	3	0.214285714285714	1_2-4
372	3	0.00806451612903226	1_2-4
689	2	0.00290275761973875	1_2-4
1885	3	0.00159151193633952	1_2-4
469	2	0.00426439232409382	1_2-4
224	2	0.00892857142857143	1_2-4
13	3	0.230769230769231	1_2-4
3	2	0.666666666666667	1_2-4
25	2	0.08	1_2-4
12	4	0.333333333333333	2_4-6
234	2	0.00854700854700855	1_2-4
620	4	0.00645161290322581	2_4-6
74	2	0.027027027027027	1_2-4
84	4	0.0476190476190476	2_4-6
13	2	0.153846153846154	1_2-4
69	2	0.0289855072463768	1_2-4
998	2	0.00200400801603206	1_2-4
3	2	0.666666666666667	1_2-4
153	2	0.0130718954248366	1_2-4
13	2	0.153846153846154	1_2-4
879	2	0.00227531285551763	1_2-4
3	2	0.666666666666667	1_2-4
51	6	0.117647058823529	3_6-8
33	4	0.121212121212121	2_4-6
264	2	0.00757575757575758	1_2-4
1464	3	0.00204918032786885	1_2-4
976	3	0.00307377049180328	1_2-4
3011	2	0.00066423115244105	1_2-4
15	2	0.133333333333333	1_2-4
364	2	0.00549450549450549	1_2-4
3	2	0.666666666666667	1_2-4
10	4	0.4	2_4-6
40	2	0.05	1_2-4
40	4	0.1	2_4-6
74	6	0.0810810810810811	3_6-8
3055	2	0.000654664484451719	1_2-4
42	3	0.0714285714285714	1_2-4
5122	2	0.000390472471690746	1_2-4
10	2	0.2	1_2-4
7	3	0.428571428571429	1_2-4
7	2	0.285714285714286	1_2-4
15	2	0.133333333333333	1_2-4
3	2	0.666666666666667	1_2-4
12	3	0.25	1_2-4
11	2	0.181818181818182	1_2-4
9	3	0.333333333333333	1_2-4
11	2	0.181818181818182	1_2-4
5694	2	0.000351246926589392	1_2-4
2320	2	0.000862068965517241	1_2-4
2	2	1	1_2-4
9	4	0.444444444444444	2_4-6
319	2	0.00626959247648903	1_2-4
9	2	0.222222222222222	1_2-4
7	3	0.428571428571429	1_2-4
14	3	0.214285714285714	1_2-4
153	7	0.0457516339869281	3_6-8
15	2	0.133333333333333	1_2-4
229	2	0.00873362445414847	1_2-4
780	3	0.00384615384615385	1_2-4
2295	4	0.00174291938997821	2_4-6
6	2	0.333333333333333	1_2-4
16	2	0.125	1_2-4
5	3	0.6	1_2-4
118	2	0.0169491525423729	1_2-4
28	2	0.0714285714285714	1_2-4
18	2	0.111111111111111	1_2-4
1171	4	0.00341588385994876	2_4-6
11	3	0.272727272727273	1_2-4
16	2	0.125	1_2-4
30	2	0.0666666666666667	1_2-4
354	2	0.00564971751412429	1_2-4
5	2	0.4	1_2-4
20	3	0.15	1_2-4
2	2	1	1_2-4
19	2	0.105263157894737	1_2-4
17520	2	0.000114155251141553	1_2-4
8	3	0.375	1_2-4
16	2	0.125	1_2-4
69	7	0.101449275362319	3_6-8
30	3	0.1	1_2-4
4491	3	0.000668002672010688	1_2-4
73	4	0.0547945205479452	2_4-6
7	2	0.285714285714286	1_2-4
3762	2	0.000531632110579479	1_2-4
12	2	0.166666666666667	1_2-4
1670	2	0.00119760479041916	1_2-4
7	2	0.285714285714286	1_2-4
32	3	0.09375	1_2-4
219	4	0.0182648401826484	2_4-6
1910	3	0.00157068062827225	1_2-4
7969	3	0.000376458777763835	1_2-4
5	3	0.6	1_2-4
7	2	0.285714285714286	1_2-4
1207	2	0.00165700082850041	1_2-4
243	4	0.0164609053497942	2_4-6
129	2	0.0155038759689922	1_2-4
26	2	0.0769230769230769	1_2-4
8557	3	0.00035059016010284	1_2-4
69	2	0.0289855072463768	1_2-4
38	5	0.131578947368421	2_4-6
33	3	0.0909090909090909	1_2-4
87	3	0.0344827586206897	1_2-4
1205	2	0.0016597510373444	1_2-4
12568	10	0.000795671546785487	5_10-12
9	4	0.444444444444444	2_4-6
20	2	0.1	1_2-4
560	4	0.00714285714285714	2_4-6
365	2	0.00547945205479452	1_2-4
407	2	0.00491400491400491	1_2-4
1834	3	0.00163576881134133	1_2-4
53	7	0.132075471698113	3_6-8
222	3	0.0135135135135135	1_2-4
99	10	0.101010101010101	5_10-12
252	2	0.00793650793650794	1_2-4
146	2	0.0136986301369863	1_2-4
48	6	0.125	3_6-8
2838	2	0.000704721634954193	1_2-4
54	2	0.037037037037037	1_2-4
422	3	0.00710900473933649	1_2-4
5	2	0.4	1_2-4
5961	4	0.000671028350947827	2_4-6
15576	3	0.000192604006163328	1_2-4
27	2	0.0740740740740741	1_2-4
376	2	0.00531914893617021	1_2-4
678	3	0.00442477876106195	1_2-4
138	2	0.0144927536231884	1_2-4
68	5	0.0735294117647059	2_4-6
386	7	0.0181347150259067	3_6-8
18	3	0.166666666666667	1_2-4
48	6	0.125	3_6-8
2825	2	0.000707964601769912	1_2-4
72	2	0.0277777777777778	1_2-4
1284	2	0.00155763239875389	1_2-4
3918	2	0.000510464522715671	1_2-4
83	2	0.0240963855421687	1_2-4
84	3	0.0357142857142857	1_2-4
74	2	0.027027027027027	1_2-4
4	2	0.5	1_2-4
9051	3	0.000331455087835598	1_2-4
8587	2	0.000232910213112845	1_2-4
137	5	0.0364963503649635	2_4-6
127	5	0.0393700787401575	2_4-6
2	2	1	1_2-4
36	2	0.0555555555555556	1_2-4
4	2	0.5	1_2-4
91	4	0.043956043956044	2_4-6
48157	12	0.00024918495753473	6_12-14
158	2	0.0126582278481013	1_2-4
614	3	0.00488599348534202	1_2-4
960	2	0.00208333333333333	1_2-4
383	2	0.00522193211488251	1_2-4
847	3	0.00354191263282172	1_2-4
23	5	0.217391304347826	2_4-6
5	2	0.4	1_2-4
7	3	0.428571428571429	1_2-4
41	3	0.0731707317073171	1_2-4
83	4	0.0481927710843374	2_4-6
37	2	0.0540540540540541	1_2-4
28	3	0.107142857142857	1_2-4
4	2	0.5	1_2-4
662	2	0.00302114803625378	1_2-4
13	3	0.230769230769231	1_2-4
12	2	0.166666666666667	1_2-4
7	3	0.428571428571429	1_2-4
50	2	0.04	1_2-4
25	2	0.08	1_2-4
2820	2	0.000709219858156028	1_2-4
31	5	0.161290322580645	2_4-6
26	2	0.0769230769230769	1_2-4
11	2	0.181818181818182	1_2-4
51	2	0.0392156862745098	1_2-4
31	2	0.0645161290322581	1_2-4
87	8	0.0919540229885057	4_8-10
7310	2	0.00027359781121751	1_2-4
6094	4	0.000656383327863472	2_4-6
53	4	0.0754716981132075	2_4-6
939	2	0.00212992545260916	1_2-4
5	2	0.4	1_2-4
6426	2	0.000311235605353252	1_2-4
12	4	0.333333333333333	2_4-6
10	2	0.2	1_2-4
13	2	0.153846153846154	1_2-4
68	4	0.0588235294117647	2_4-6
17125	31	0.00181021897810219	950_gt28
297	3	0.0101010101010101	1_2-4
4	3	0.75	1_2-4
10	2	0.2	1_2-4
7	2	0.285714285714286	1_2-4
49	6	0.122448979591837	3_6-8
5	2	0.4	1_2-4
270	2	0.00740740740740741	1_2-4
1596	3	0.0018796992481203	1_2-4
20	2	0.1	1_2-4
16	4	0.25	2_4-6
2290	3	0.00131004366812227	1_2-4
16	2	0.125	1_2-4
3	2	0.666666666666667	1_2-4
594	2	0.00336700336700337	1_2-4
26	2	0.0769230769230769	1_2-4
119	3	0.0252100840336134	1_2-4
6	3	0.5	1_2-4
1185	2	0.00168776371308017	1_2-4
493	3	0.00608519269776876	1_2-4
11	2	0.181818181818182	1_2-4
11	4	0.363636363636364	2_4-6
15	2	0.133333333333333	1_2-4
37	3	0.0810810810810811	1_2-4
3262	2	0.000613120784794605	1_2-4
150	2	0.0133333333333333	1_2-4
97	6	0.0618556701030928	3_6-8
7	2	0.285714285714286	1_2-4
45	3	0.0666666666666667	1_2-4
2436	7	0.0028735632183908	3_6-8
6000	2	0.000333333333333333	1_2-4
353	3	0.0084985835694051	1_2-4
6	3	0.5	1_2-4
2581	3	0.00116234017822549	1_2-4
1908	2	0.0010482180293501	1_2-4
2490	2	0.000803212851405623	1_2-4
12	2	0.166666666666667	1_2-4
6	2	0.333333333333333	1_2-4
43	2	0.0465116279069767	1_2-4
4	2	0.5	1_2-4
2	2	1	1_2-4
2355	3	0.00127388535031847	1_2-4
202	7	0.0346534653465347	3_6-8
726	2	0.00275482093663912	1_2-4
17	2	0.117647058823529	1_2-4
5	2	0.4	1_2-4
4021	3	0.000746083063914449	1_2-4
66	5	0.0757575757575758	2_4-6
79	2	0.0253164556962025	1_2-4
26259	3	0.000114246544042043	1_2-4
7	2	0.285714285714286	1_2-4
3295	4	0.00121396054628225	2_4-6
6	2	0.333333333333333	1_2-4
242	2	0.00826446280991736	1_2-4
3	2	0.666666666666667	1_2-4
12	2	0.166666666666667	1_2-4
7	2	0.285714285714286	1_2-4
1494	2	0.00133868808567604	1_2-4
15	2	0.133333333333333	1_2-4
34	4	0.117647058823529	2_4-6
81	11	0.135802469135802	5_10-12
73	2	0.0273972602739726	1_2-4
2304	2	0.000868055555555556	1_2-4
2	2	1	1_2-4
38	3	0.0789473684210526	1_2-4
13	2	0.153846153846154	1_2-4
1057	3	0.00283822138126774	1_2-4
18	3	0.166666666666667	1_2-4
13	6	0.461538461538462	3_6-8
1022	2	0.00195694716242661	1_2-4
36	2	0.0555555555555556	1_2-4
388	5	0.0128865979381443	2_4-6
12	2	0.166666666666667	1_2-4
1907	3	0.00157315154693235	1_2-4
55	2	0.0363636363636364	1_2-4
670	2	0.00298507462686567	1_2-4
23	3	0.130434782608696	1_2-4
3	2	0.666666666666667	1_2-4
1209	2	0.00165425971877585	1_2-4
39	3	0.0769230769230769	1_2-4
27	3	0.111111111111111	1_2-4
569	2	0.00351493848857645	1_2-4
60	2	0.0333333333333333	1_2-4
65	6	0.0923076923076923	3_6-8
8262	3	0.000363108206245461	1_2-4
4645	2	0.000430570505920344	1_2-4
5	2	0.4	1_2-4
63	2	0.0317460317460317	1_2-4
138	2	0.0144927536231884	1_2-4
6	2	0.333333333333333	1_2-4
17	2	0.117647058823529	1_2-4
5204	2	0.000384319754035357	1_2-4
60	5	0.0833333333333333	2_4-6
170	2	0.0117647058823529	1_2-4
110	2	0.0181818181818182	1_2-4
245	5	0.0204081632653061	2_4-6
16	4	0.25	2_4-6
122	2	0.0163934426229508	1_2-4
16	2	0.125	1_2-4
27	4	0.148148148148148	2_4-6
28	3	0.107142857142857	1_2-4
1875	2	0.00106666666666667	1_2-4
5	3	0.6	1_2-4
2338	2	0.000855431993156544	1_2-4
1154	2	0.00173310225303293	1_2-4
3	2	0.666666666666667	1_2-4
29	2	0.0689655172413793	1_2-4
4	2	0.5	1_2-4
21	3	0.142857142857143	1_2-4
483	3	0.0062111801242236	1_2-4
274	3	0.0109489051094891	1_2-4
15	4	0.266666666666667	2_4-6
15	2	0.133333333333333	1_2-4
48	7	0.145833333333333	3_6-8
3	2	0.666666666666667	1_2-4
78	2	0.0256410256410256	1_2-4
21	5	0.238095238095238	2_4-6
5535	5	0.000903342366757001	2_4-6
830	2	0.00240963855421687	1_2-4
22	2	0.0909090909090909	1_2-4
81	2	0.0246913580246914	1_2-4
16	2	0.125	1_2-4
5	2	0.4	1_2-4
33	2	0.0606060606060606	1_2-4
314	4	0.0127388535031847	2_4-6
3	2	0.666666666666667	1_2-4
5	2	0.4	1_2-4
238	2	0.00840336134453781	1_2-4
117	3	0.0256410256410256	1_2-4
2	2	1	1_2-4
386	3	0.0077720207253886	1_2-4
18	2	0.111111111111111	1_2-4
916	3	0.00327510917030568	1_2-4
9	2	0.222222222222222	1_2-4
2	2	1	1_2-4
45	3	0.0666666666666667	1_2-4
1065	6	0.00563380281690141	3_6-8
1845	3	0.0016260162601626	1_2-4
2	2	1	1_2-4
11	2	0.181818181818182	1_2-4
385	2	0.00519480519480519	1_2-4
2	2	1	1_2-4
314	2	0.00636942675159236	1_2-4
18	2	0.111111111111111	1_2-4
80	5	0.0625	2_4-6
3717	3	0.000807102502017756	1_2-4
2	2	1	1_2-4
9	4	0.444444444444444	2_4-6
29	7	0.241379310344828	3_6-8
26	4	0.153846153846154	2_4-6
437	4	0.0091533180778032	2_4-6
18	2	0.111111111111111	1_2-4
253	2	0.00790513833992095	1_2-4
542	2	0.003690036900369	1_2-4
1644	15	0.00912408759124088	7_14-16
311	3	0.00964630225080386	1_2-4
1793	4	0.00223089793641941	2_4-6
2844	5	0.00175808720112518	2_4-6
15	2	0.133333333333333	1_2-4
4	2	0.5	1_2-4
8100	2	0.000246913580246914	1_2-4
10485	2	0.000190748688602766	1_2-4
77	2	0.025974025974026	1_2-4
11	3	0.272727272727273	1_2-4
3	2	0.666666666666667	1_2-4
903	2	0.00221483942414175	1_2-4
94	2	0.0212765957446809	1_2-4
21	3	0.142857142857143	1_2-4
9	2	0.222222222222222	1_2-4
242	5	0.0206611570247934	2_4-6
9306	2	0.00021491510853213	1_2-4
75	4	0.0533333333333333	2_4-6
4	2	0.5	1_2-4
5135	2	0.000389483933787731	1_2-4
107	3	0.0280373831775701	1_2-4
781	3	0.00384122919334187	1_2-4
125	3	0.024	1_2-4
36	2	0.0555555555555556	1_2-4
99	3	0.0303030303030303	1_2-4
148	3	0.0202702702702703	1_2-4
2130	2	0.000938967136150235	1_2-4
18	3	0.166666666666667	1_2-4
138	2	0.0144927536231884	1_2-4
41	3	0.0731707317073171	1_2-4
12544	3	0.000239158163265306	1_2-4
51	7	0.137254901960784	3_6-8
82	2	0.024390243902439	1_2-4
1220	2	0.00163934426229508	1_2-4
1578	9	0.00570342205323194	4_8-10
480	12	0.025	6_12-14
97	5	0.0515463917525773	2_4-6
195	4	0.0205128205128205	2_4-6
12765	2	0.000156678417547983	1_2-4
924	21	0.0227272727272727	910_20-22
10634	2	0.00018807598269701	1_2-4
11938	4	0.000335064499916234	2_4-6
8072	2	0.000247770069375619	1_2-4
3	2	0.666666666666667	1_2-4
626	2	0.00319488817891374	1_2-4
1658	2	0.00120627261761158	1_2-4
17	2	0.117647058823529	1_2-4
25	3	0.12	1_2-4
42	5	0.119047619047619	2_4-6
3	2	0.666666666666667	1_2-4
5417	2	0.000369208048735462	1_2-4
4	2	0.5	1_2-4
24	3	0.125	1_2-4
88	2	0.0227272727272727	1_2-4
9	2	0.222222222222222	1_2-4
68	6	0.0882352941176471	3_6-8
39	2	0.0512820512820513	1_2-4
13716	2	0.000145815106445028	1_2-4
115	8	0.0695652173913043	4_8-10
2	2	1	1_2-4
119	2	0.0168067226890756	1_2-4
4	2	0.5	1_2-4
28	2	0.0714285714285714	1_2-4
10435	3	0.000287494010541447	1_2-4
6	2	0.333333333333333	1_2-4
7836	3	0.000382848392036753	1_2-4
6620	2	0.000302114803625378	1_2-4
5	2	0.4	1_2-4
2493	2	0.000802246289610911	1_2-4
4179	2	0.000478583393156257	1_2-4
142	6	0.0422535211267606	3_6-8
7	2	0.285714285714286	1_2-4
10	2	0.2	1_2-4
61	3	0.0491803278688525	1_2-4
6995	2	0.000285918513223731	1_2-4
640	2	0.003125	1_2-4
24	4	0.166666666666667	2_4-6
14	4	0.285714285714286	2_4-6
2	2	1	1_2-4
19	2	0.105263157894737	1_2-4
7403	8	0.00108064298257463	4_8-10
24	3	0.125	1_2-4
6	3	0.5	1_2-4
551	7	0.0127041742286751	3_6-8
22	4	0.181818181818182	2_4-6
78	5	0.0641025641025641	2_4-6
24	2	0.0833333333333333	1_2-4
39	4	0.102564102564103	2_4-6
20360	2	9.82318271119843e-05	1_2-4
3900	2	0.000512820512820513	1_2-4
4	3	0.75	1_2-4
4	2	0.5	1_2-4
1625	2	0.00123076923076923	1_2-4
238	3	0.0126050420168067	1_2-4
10	3	0.3	1_2-4
223	8	0.0358744394618834	4_8-10
13	2	0.153846153846154	1_2-4
2556	3	0.00117370892018779	1_2-4
1708	4	0.00234192037470726	2_4-6
16	3	0.1875	1_2-4
8	2	0.25	1_2-4
16	2	0.125	1_2-4
4275	4	0.000935672514619883	2_4-6
132	4	0.0303030303030303	2_4-6
1089	7	0.00642791551882461	3_6-8
180	18	0.1	9_18-20
114	9	0.0789473684210526	4_8-10
6	2	0.333333333333333	1_2-4
5	2	0.4	1_2-4
17	2	0.117647058823529	1_2-4
6044	2	0.000330906684315023	1_2-4
2	2	1	1_2-4
20	2	0.1	1_2-4
89	3	0.0337078651685393	1_2-4
77	2	0.025974025974026	1_2-4
4444	2	0.00045004500450045	1_2-4
3705	2	0.000539811066126856	1_2-4
111	2	0.018018018018018	1_2-4
24	2	0.0833333333333333	1_2-4
2	2	1	1_2-4
22	2	0.0909090909090909	1_2-4
178	2	0.0112359550561798	1_2-4
2	2	1	1_2-4
3	2	0.666666666666667	1_2-4
3	2	0.666666666666667	1_2-4
1785	4	0.00224089635854342	2_4-6
724	2	0.00276243093922652	1_2-4
36	2	0.0555555555555556	1_2-4
52	3	0.0576923076923077	1_2-4
6963	7	0.00100531380152233	3_6-8
2035	2	0.000982800982800983	1_2-4
3412	3	0.000879249706916764	1_2-4
9	2	0.222222222222222	1_2-4
3	2	0.666666666666667	1_2-4
18	2	0.111111111111111	1_2-4
10	2	0.2	1_2-4
170	2	0.0117647058823529	1_2-4
90	2	0.0222222222222222	1_2-4
326	2	0.00613496932515337	1_2-4
122	3	0.0245901639344262	1_2-4
10	2	0.2	1_2-4
15612	2	0.000128106584678452	1_2-4
12	2	0.166666666666667	1_2-4
4	2	0.5	1_2-4
19	2	0.105263157894737	1_2-4
23	2	0.0869565217391304	1_2-4
8	2	0.25	1_2-4
29	2	0.0689655172413793	1_2-4
32	3	0.09375	1_2-4
4	2	0.5	1_2-4
40	2	0.05	1_2-4
3	2	0.666666666666667	1_2-4
76	2	0.0263157894736842	1_2-4
956	2	0.00209205020920502	1_2-4
28	2	0.0714285714285714	1_2-4
9	2	0.222222222222222	1_2-4
2506	2	0.000798084596967279	1_2-4
742	2	0.00269541778975741	1_2-4
12031	2	0.000166237220513673	1_2-4
11	2	0.181818181818182	1_2-4
4484	7	0.00156110615521855	3_6-8
231	4	0.0173160173160173	2_4-6
22	4	0.181818181818182	2_4-6
8	2	0.25	1_2-4
27	2	0.0740740740740741	1_2-4
2058	2	0.000971817298347911	1_2-4
55	2	0.0363636363636364	1_2-4
11	2	0.181818181818182	1_2-4
146	2	0.0136986301369863	1_2-4
4202	2	0.000475963826749167	1_2-4
12	2	0.166666666666667	1_2-4
504	8	0.0158730158730159	4_8-10
2647	2	0.000755572346052134	1_2-4
84	5	0.0595238095238095	2_4-6
3731	9	0.00241222192441705	4_8-10
8229	5	0.000607607242678333	2_4-6
2	2	1	1_2-4
29	2	0.0689655172413793	1_2-4
20	2	0.1	1_2-4
5	4	0.8	2_4-6
88	5	0.0568181818181818	2_4-6
3	2	0.666666666666667	1_2-4
5	2	0.4	1_2-4
1947	2	0.00102722136620442	1_2-4
78	5	0.0641025641025641	2_4-6
22	3	0.136363636363636	1_2-4
4503	2	0.000444148345547413	1_2-4
37	2	0.0540540540540541	1_2-4
46	5	0.108695652173913	2_4-6
108	2	0.0185185185185185	1_2-4
3920	2	0.000510204081632653	1_2-4
14	2	0.142857142857143	1_2-4
271	9	0.033210332103321	4_8-10
172	4	0.0232558139534884	2_4-6
69	2	0.0289855072463768	1_2-4
16	2	0.125	1_2-4
11	3	0.272727272727273	1_2-4
18	2	0.111111111111111	1_2-4
2	2	1	1_2-4
913	2	0.00219058050383352	1_2-4
32	2	0.0625	1_2-4
42	2	0.0476190476190476	1_2-4
29	2	0.0689655172413793	1_2-4
27	2	0.0740740740740741	1_2-4
659	5	0.00758725341426404	2_4-6
12856	10	0.000777846919726198	5_10-12
5	2	0.4	1_2-4
6391	4	0.000625880143952433	2_4-6
75	9	0.12	4_8-10
7579	3	0.00039583058450983	1_2-4
3257	3	0.00092109303039607	1_2-4
196	25	0.127551020408163	930_24-26
1467	2	0.00136332651670075	1_2-4
10	2	0.2	1_2-4
17	2	0.117647058823529	1_2-4
1232	2	0.00162337662337662	1_2-4
94	2	0.0212765957446809	1_2-4
1610	3	0.00186335403726708	1_2-4
20383	2	9.81209831722514e-05	1_2-4
7	2	0.285714285714286	1_2-4
23	2	0.0869565217391304	1_2-4
7	3	0.428571428571429	1_2-4
23	2	0.0869565217391304	1_2-4
2845	2	0.00070298769771529	1_2-4
23	4	0.173913043478261	2_4-6
368	2	0.00543478260869565	1_2-4
5	3	0.6	1_2-4
28	3	0.107142857142857	1_2-4
1851	5	0.00270124257158293	2_4-6
1829	2	0.00109349371241115	1_2-4
19	3	0.157894736842105	1_2-4
5908	8	0.001354096140826	4_8-10
4303	2	0.000464792005577504	1_2-4
19	2	0.105263157894737	1_2-4
1114	2	0.00179533213644524	1_2-4
52	3	0.0576923076923077	1_2-4
75	3	0.04	1_2-4
8	2	0.25	1_2-4
41	2	0.0487804878048781	1_2-4
1716	2	0.00116550116550117	1_2-4
23	2	0.0869565217391304	1_2-4
152	6	0.0394736842105263	3_6-8
3	2	0.666666666666667	1_2-4
6094	2	0.000328191663931736	1_2-4
20	2	0.1	1_2-4
4	2	0.5	1_2-4
128	4	0.03125	2_4-6
81	2	0.0246913580246914	1_2-4
2120	2	0.000943396226415094	1_2-4
27	3	0.111111111111111	1_2-4
224	2	0.00892857142857143	1_2-4
490	2	0.00408163265306122	1_2-4
88	2	0.0227272727272727	1_2-4
4	2	0.5	1_2-4
1179	2	0.00169635284139101	1_2-4
11582	6	0.000518045242617855	3_6-8
9	2	0.222222222222222	1_2-4
924	3	0.00324675324675325	1_2-4
711	2	0.00281293952180028	1_2-4
176	2	0.0113636363636364	1_2-4
110	6	0.0545454545454545	3_6-8
105	3	0.0285714285714286	1_2-4
10345	4	0.000386660222329628	2_4-6
965	2	0.00207253886010363	1_2-4
76	5	0.0657894736842105	2_4-6
74	7	0.0945945945945946	3_6-8
12	3	0.25	1_2-4
20	4	0.2	2_4-6
17	2	0.117647058823529	1_2-4
637	2	0.00313971742543171	1_2-4
4	2	0.5	1_2-4
4	2	0.5	1_2-4
992	2	0.00201612903225806	1_2-4
327	3	0.00917431192660551	1_2-4
198	4	0.0202020202020202	2_4-6
75	6	0.08	3_6-8
941	2	0.00212539851222104	1_2-4
165	8	0.0484848484848485	4_8-10
7103	4	0.000563142334224975	2_4-6
6	2	0.333333333333333	1_2-4
179	2	0.0111731843575419	1_2-4
32	3	0.09375	1_2-4
26	3	0.115384615384615	1_2-4
2	2	1	1_2-4
122	2	0.0163934426229508	1_2-4
7	2	0.285714285714286	1_2-4
23	3	0.130434782608696	1_2-4
2	3	1.5	1_2-4
11	4	0.363636363636364	2_4-6
403	2	0.00496277915632754	1_2-4
208	6	0.0288461538461538	3_6-8
2953	4	0.00135455469014561	2_4-6
23	2	0.0869565217391304	1_2-4
38	3	0.0789473684210526	1_2-4
44	2	0.0454545454545455	1_2-4
135	4	0.0296296296296296	2_4-6
5975	6	0.00100418410041841	3_6-8
2015	3	0.00148883374689826	1_2-4
27	2	0.0740740740740741	1_2-4
3328	3	0.000901442307692308	1_2-4
703	2	0.00284495021337127	1_2-4
7	2	0.285714285714286	1_2-4
110	7	0.0636363636363636	3_6-8
102	2	0.0196078431372549	1_2-4
30	3	0.1	1_2-4
8	2	0.25	1_2-4
6339	4	0.000631014355576589	2_4-6
31	2	0.0645161290322581	1_2-4
6728	2	0.000297265160523187	1_2-4
1316	2	0.00151975683890578	1_2-4
17	2	0.117647058823529	1_2-4
14	4	0.285714285714286	2_4-6
46	5	0.108695652173913	2_4-6
221	2	0.00904977375565611	1_2-4
97	2	0.0206185567010309	1_2-4
493	2	0.00405679513184584	1_2-4
3310	2	0.000604229607250755	1_2-4
1365	6	0.0043956043956044	3_6-8
55	6	0.109090909090909	3_6-8
10	3	0.3	1_2-4
10	2	0.2	1_2-4
932	2	0.00214592274678112	1_2-4
158	2	0.0126582278481013	1_2-4
4141	2	0.000482975126780971	1_2-4
944	4	0.00423728813559322	2_4-6
3379	2	0.000591891092039065	1_2-4
17	2	0.117647058823529	1_2-4
27	2	0.0740740740740741	1_2-4
188	4	0.0212765957446809	2_4-6
5326	3	0.000563274502440856	1_2-4
3927	2	0.000509294626941686	1_2-4
13464	4	0.00029708853238265	2_4-6
6061	2	0.000329978551394159	1_2-4
667	2	0.00299850074962519	1_2-4
719	2	0.00278164116828929	1_2-4
12	2	0.166666666666667	1_2-4
7	2	0.285714285714286	1_2-4
9	2	0.222222222222222	1_2-4
3	2	0.666666666666667	1_2-4
415	3	0.0072289156626506	1_2-4
12	2	0.166666666666667	1_2-4
5	3	0.6	1_2-4
18	3	0.166666666666667	1_2-4
21	2	0.0952380952380952	1_2-4
9	3	0.333333333333333	1_2-4
77	7	0.0909090909090909	3_6-8
2115	2	0.000945626477541371	1_2-4
266	2	0.0075187969924812	1_2-4
21	2	0.0952380952380952	1_2-4
202	2	0.0099009900990099	1_2-4
109	5	0.0458715596330275	2_4-6
12	2	0.166666666666667	1_2-4
4	2	0.5	1_2-4
1973	2	0.0010136847440446	1_2-4
335	4	0.0119402985074627	2_4-6
5510	4	0.000725952813067151	2_4-6
352	2	0.00568181818181818	1_2-4
9822	3	0.00030543677458766	1_2-4
164	7	0.0426829268292683	3_6-8
253	2	0.00790513833992095	1_2-4
12	3	0.25	1_2-4
4	2	0.5	1_2-4
21	4	0.19047619047619	2_4-6
10	2	0.2	1_2-4
8	2	0.25	1_2-4
167	5	0.029940119760479	2_4-6
40	2	0.05	1_2-4
75	6	0.08	3_6-8
588	2	0.00340136054421769	1_2-4
526	4	0.00760456273764259	2_4-6
2	2	1	1_2-4
6275	3	0.00047808764940239	1_2-4
24390	3	0.0001230012300123	1_2-4
154	4	0.025974025974026	2_4-6
2056	6	0.00291828793774319	3_6-8
2845	2	0.00070298769771529	1_2-4
5799	5	0.000862217623728229	2_4-6
15	4	0.266666666666667	2_4-6
8	4	0.5	2_4-6
2449	2	0.000816659861167824	1_2-4
2220	2	0.000900900900900901	1_2-4
18	2	0.111111111111111	1_2-4
93	2	0.021505376344086	1_2-4
25	3	0.12	1_2-4
9	2	0.222222222222222	1_2-4
3347	2	0.000597550044816253	1_2-4
36	3	0.0833333333333333	1_2-4
5645	2	0.000354295837023915	1_2-4
5	3	0.6	1_2-4
2633	4	0.00151917964299278	2_4-6
796	2	0.00251256281407035	1_2-4
59	2	0.0338983050847458	1_2-4
17578	7	0.000398225054044829	3_6-8
8780	2	0.000227790432801822	1_2-4
13	2	0.153846153846154	1_2-4
7023	7	0.00099672504627652	3_6-8
180	3	0.0166666666666667	1_2-4
30	3	0.1	1_2-4
910	2	0.0021978021978022	1_2-4
244	9	0.0368852459016393	4_8-10
13	2	0.153846153846154	1_2-4
62	2	0.032258064516129	1_2-4
196	25	0.127551020408163	930_24-26
31	6	0.193548387096774	3_6-8
3	2	0.666666666666667	1_2-4
3332	3	0.000900360144057623	1_2-4
68	3	0.0441176470588235	1_2-4
591	2	0.00338409475465313	1_2-4
63	2	0.0317460317460317	1_2-4
3	2	0.666666666666667	1_2-4
1504	3	0.00199468085106383	1_2-4
7699	3	0.000389660994934407	1_2-4
508	2	0.00393700787401575	1_2-4
3	2	0.666666666666667	1_2-4
13569	4	0.000294789593927334	2_4-6
896	2	0.00223214285714286	1_2-4
1174	2	0.00170357751277683	1_2-4
25	2	0.08	1_2-4
1634	2	0.00122399020807834	1_2-4
4920	2	0.00040650406504065	1_2-4
164	6	0.0365853658536585	3_6-8
7	3	0.428571428571429	1_2-4
3	2	0.666666666666667	1_2-4
58	3	0.0517241379310345	1_2-4
5580	2	0.0003584229390681	1_2-4
125	3	0.024	1_2-4
96	4	0.0416666666666667	2_4-6
159	3	0.0188679245283019	1_2-4
56	2	0.0357142857142857	1_2-4
14	3	0.214285714285714	1_2-4
22	2	0.0909090909090909	1_2-4
537	3	0.00558659217877095	1_2-4
26	2	0.0769230769230769	1_2-4
41	2	0.0487804878048781	1_2-4
61	2	0.0327868852459016	1_2-4
324	2	0.00617283950617284	1_2-4
3	2	0.666666666666667	1_2-4
291	2	0.00687285223367698	1_2-4
24	2	0.0833333333333333	1_2-4
29	2	0.0689655172413793	1_2-4
322	3	0.0093167701863354	1_2-4
16	2	0.125	1_2-4
4	2	0.5	1_2-4
11007	2	0.000181702552920869	1_2-4
13	2	0.153846153846154	1_2-4
35	2	0.0571428571428571	1_2-4
191	3	0.0157068062827225	1_2-4
3	2	0.666666666666667	1_2-4
35	6	0.171428571428571	3_6-8
37	2	0.0540540540540541	1_2-4
5654	2	0.000353731871241599	1_2-4
194	2	0.0103092783505155	1_2-4
2944	2	0.000679347826086957	1_2-4
3945	2	0.000506970849176172	1_2-4
30	4	0.133333333333333	2_4-6
2084	4	0.00191938579654511	2_4-6
31	6	0.193548387096774	3_6-8
61	4	0.0655737704918033	2_4-6
20	2	0.1	1_2-4
36	4	0.111111111111111	2_4-6
12606	3	0.000237981913374584	1_2-4
16	3	0.1875	1_2-4
35	2	0.0571428571428571	1_2-4
26	2	0.0769230769230769	1_2-4
25	2	0.08	1_2-4
10	3	0.3	1_2-4
293	2	0.0068259385665529	1_2-4
585	3	0.00512820512820513	1_2-4
1414	15	0.0106082036775106	7_14-16
108	2	0.0185185185185185	1_2-4
7888	2	0.000253549695740365	1_2-4
41	2	0.0487804878048781	1_2-4
7680	3	0.000390625	1_2-4
6	2	0.333333333333333	1_2-4
157	4	0.0254777070063694	2_4-6
765	3	0.00392156862745098	1_2-4
3	2	0.666666666666667	1_2-4
11	2	0.181818181818182	1_2-4
26	3	0.115384615384615	1_2-4
11	2	0.181818181818182	1_2-4
4297	5	0.00116360251338143	2_4-6
297	2	0.00673400673400673	1_2-4
621	3	0.00483091787439614	1_2-4
509	2	0.00392927308447937	1_2-4
50	8	0.16	4_8-10
60	10	0.166666666666667	5_10-12
867	2	0.00230680507497117	1_2-4
187	2	0.0106951871657754	1_2-4
1972	2	0.00101419878296146	1_2-4
6	3	0.5	1_2-4
11	2	0.181818181818182	1_2-4
269	2	0.00743494423791822	1_2-4
241	2	0.00829875518672199	1_2-4
12	3	0.25	1_2-4
31	2	0.0645161290322581	1_2-4
1293	3	0.00232018561484919	1_2-4
4655	3	0.000644468313641246	1_2-4
9	2	0.222222222222222	1_2-4
195	2	0.0102564102564103	1_2-4
19	2	0.105263157894737	1_2-4
22	3	0.136363636363636	1_2-4
56	2	0.0357142857142857	1_2-4
4	2	0.5	1_2-4
4	2	0.5	1_2-4
361	2	0.00554016620498615	1_2-4
33	4	0.121212121212121	2_4-6
1048	2	0.00190839694656489	1_2-4
15	6	0.4	3_6-8
3	2	0.666666666666667	1_2-4
24	2	0.0833333333333333	1_2-4
30	6	0.2	3_6-8
1598	2	0.00125156445556946	1_2-4
194	5	0.0257731958762887	2_4-6
26	4	0.153846153846154	2_4-6
46	2	0.0434782608695652	1_2-4
5	2	0.4	1_2-4
47	3	0.0638297872340425	1_2-4
15	2	0.133333333333333	1_2-4
328	2	0.00609756097560976	1_2-4
14	2	0.142857142857143	1_2-4
136	7	0.0514705882352941	3_6-8
52	2	0.0384615384615385	1_2-4
10	4	0.4	2_4-6
32	2	0.0625	1_2-4
16	2	0.125	1_2-4
18	2	0.111111111111111	1_2-4
3512	2	0.000569476082004556	1_2-4
63	3	0.0476190476190476	1_2-4
53	7	0.132075471698113	3_6-8
52	2	0.0384615384615385	1_2-4
24	5	0.208333333333333	2_4-6
85	3	0.0352941176470588	1_2-4
271	2	0.00738007380073801	1_2-4
4611	2	0.000433745391455216	1_2-4
17	2	0.117647058823529	1_2-4
11	2	0.181818181818182	1_2-4
91	4	0.043956043956044	2_4-6
67	6	0.0895522388059701	3_6-8
1912	5	0.00261506276150628	2_4-6
451	2	0.00443458980044346	1_2-4
220	4	0.0181818181818182	2_4-6
1955	4	0.0020460358056266	2_4-6
8	2	0.25	1_2-4
14	3	0.214285714285714	1_2-4
57	2	0.0350877192982456	1_2-4
46	3	0.0652173913043478	1_2-4
183	2	0.0109289617486339	1_2-4
6023	2	0.00033206043499917	1_2-4
21	2	0.0952380952380952	1_2-4
2358	2	0.000848176420695505	1_2-4
998	2	0.00200400801603206	1_2-4
3765	2	0.000531208499335989	1_2-4
198	6	0.0303030303030303	3_6-8
14	2	0.142857142857143	1_2-4
35	3	0.0857142857142857	1_2-4
1538	2	0.00130039011703511	1_2-4
1086	2	0.00184162062615101	1_2-4
30	4	0.133333333333333	2_4-6
1119	6	0.00536193029490617	3_6-8
12364	3	0.000242639922355225	1_2-4
19	2	0.105263157894737	1_2-4
7	2	0.285714285714286	1_2-4
5	2	0.4	1_2-4
4083	2	0.000489835904971834	1_2-4
59	3	0.0508474576271186	1_2-4
2	2	1	1_2-4
42	2	0.0476190476190476	1_2-4
188	2	0.0106382978723404	1_2-4
6606	2	0.000302755071147442	1_2-4
23	2	0.0869565217391304	1_2-4
55	3	0.0545454545454545	1_2-4
17558	2	0.000113908189998861	1_2-4
5779	2	0.000346080636788372	1_2-4
2	2	1	1_2-4
415	2	0.00481927710843374	1_2-4
4	2	0.5	1_2-4
31	2	0.0645161290322581	1_2-4
12	2	0.166666666666667	1_2-4
121	3	0.0247933884297521	1_2-4
45	2	0.0444444444444444	1_2-4
2838	15	0.00528541226215645	7_14-16
735	2	0.00272108843537415	1_2-4
924	2	0.00216450216450216	1_2-4
107	2	0.0186915887850467	1_2-4
48	3	0.0625	1_2-4
152	2	0.0131578947368421	1_2-4
979	5	0.00510725229826353	2_4-6
65	2	0.0307692307692308	1_2-4
3165	2	0.000631911532385466	1_2-4
56	2	0.0357142857142857	1_2-4
1121	2	0.00178412132024978	1_2-4
30	2	0.0666666666666667	1_2-4
54	5	0.0925925925925926	2_4-6
70	2	0.0285714285714286	1_2-4
506	3	0.00592885375494071	1_2-4
14	2	0.142857142857143	1_2-4
1801	2	0.00111049416990561	1_2-4
428	2	0.00467289719626168	1_2-4
4655	3	0.000644468313641246	1_2-4
75	2	0.0266666666666667	1_2-4
7	2	0.285714285714286	1_2-4
5	2	0.4	1_2-4
650	3	0.00461538461538462	1_2-4
8	2	0.25	1_2-4
864	2	0.00231481481481481	1_2-4
99	2	0.0202020202020202	1_2-4
29	3	0.103448275862069	1_2-4
152	3	0.0197368421052632	1_2-4
507	3	0.00591715976331361	1_2-4
164	12	0.0731707317073171	6_12-14
3	2	0.666666666666667	1_2-4
7833	6	0.000765990042129452	3_6-8
315	3	0.00952380952380952	1_2-4
24	4	0.166666666666667	2_4-6
73	2	0.0273972602739726	1_2-4
94	11	0.117021276595745	5_10-12
18064	5	0.000276793622674934	2_4-6
5	2	0.4	1_2-4
8	2	0.25	1_2-4
51	2	0.0392156862745098	1_2-4
32	2	0.0625	1_2-4
4	2	0.5	1_2-4
10	3	0.3	1_2-4
4218	7	0.00165955429113324	3_6-8
33	3	0.0909090909090909	1_2-4
13	2	0.153846153846154	1_2-4
2125	3	0.00141176470588235	1_2-4
569	2	0.00351493848857645	1_2-4
70	6	0.0857142857142857	3_6-8
19	2	0.105263157894737	1_2-4
16687	2	0.000119853778390364	1_2-4
541	2	0.00369685767097967	1_2-4
3	2	0.666666666666667	1_2-4
1639	5	0.00305064063453325	2_4-6
547	2	0.0036563071297989	1_2-4
3676	4	0.00108813928182807	2_4-6
16	3	0.1875	1_2-4
7028	2	0.000284575981787137	1_2-4
2102	3	0.00142721217887726	1_2-4
5561	3	0.000539471318108254	1_2-4
3	2	0.666666666666667	1_2-4
11235	19	0.00169114374721851	9_18-20
494	2	0.00404858299595142	1_2-4
29	3	0.103448275862069	1_2-4
3569	2	0.000560381059120202	1_2-4
279	2	0.00716845878136201	1_2-4
1592	3	0.00188442211055276	1_2-4
3186	2	0.000627746390458255	1_2-4
234	2	0.00854700854700855	1_2-4
5281	3	0.00056807422836584	1_2-4
1286	2	0.0015552099533437	1_2-4
91	5	0.0549450549450549	2_4-6
1707	2	0.00117164616285882	1_2-4
15	2	0.133333333333333	1_2-4
2900	2	0.000689655172413793	1_2-4
20	2	0.1	1_2-4
4476	9	0.00201072386058981	4_8-10
15	3	0.2	1_2-4
16	2	0.125	1_2-4
2	2	1	1_2-4
4	2	0.5	1_2-4
438	2	0.0045662100456621	1_2-4
191	5	0.0261780104712042	2_4-6
1803	3	0.00166389351081531	1_2-4
296	2	0.00675675675675676	1_2-4
33	3	0.0909090909090909	1_2-4
9	2	0.222222222222222	1_2-4
3075	2	0.000650406504065041	1_2-4
22	2	0.0909090909090909	1_2-4
7	2	0.285714285714286	1_2-4
1926	4	0.00207684319833853	2_4-6
55	3	0.0545454545454545	1_2-4
9	3	0.333333333333333	1_2-4
76	5	0.0657894736842105	2_4-6
717	3	0.00418410041841004	1_2-4
4211	6	0.00142483970553313	3_6-8
26841	2	7.4512872098655e-05	1_2-4
3	2	0.666666666666667	1_2-4
3619	5	0.00138159712627798	2_4-6
22307	2	8.96579549020487e-05	1_2-4
128	3	0.0234375	1_2-4
354	3	0.00847457627118644	1_2-4
5	3	0.6	1_2-4
3366	3	0.00089126559714795	1_2-4
10	2	0.2	1_2-4
39	4	0.102564102564103	2_4-6
66	2	0.0303030303030303	1_2-4
20889	3	0.000143616257360333	1_2-4
235	2	0.00851063829787234	1_2-4
14	3	0.214285714285714	1_2-4
60	4	0.0666666666666667	2_4-6
10	2	0.2	1_2-4
24	3	0.125	1_2-4
51	4	0.0784313725490196	2_4-6
320	2	0.00625	1_2-4
26	2	0.0769230769230769	1_2-4
10	2	0.2	1_2-4
10	2	0.2	1_2-4
20	4	0.2	2_4-6
1073	6	0.00559179869524697	3_6-8
10074	3	0.000297796307325789	1_2-4
5	3	0.6	1_2-4
413	2	0.00484261501210654	1_2-4
18	2	0.111111111111111	1_2-4
1996	3	0.00150300601202405	1_2-4
2093	5	0.00238891543239369	2_4-6
5	2	0.4	1_2-4
2679	5	0.00186636804777902	2_4-6
123	5	0.040650406504065	2_4-6
109	5	0.0458715596330275	2_4-6
76	3	0.0394736842105263	1_2-4
81	7	0.0864197530864197	3_6-8
12	2	0.166666666666667	1_2-4
65	3	0.0461538461538462	1_2-4
9	3	0.333333333333333	1_2-4
152	6	0.0394736842105263	3_6-8
776	2	0.00257731958762887	1_2-4
2495	2	0.000801603206412826	1_2-4
402	2	0.00497512437810945	1_2-4
1243	4	0.00321802091713596	2_4-6
255	4	0.0156862745098039	2_4-6
1554	2	0.00128700128700129	1_2-4
9	2	0.222222222222222	1_2-4
2	2	1	1_2-4
2	2	1	1_2-4
93	2	0.021505376344086	1_2-4
6624	2	0.000301932367149758	1_2-4
2735	4	0.00146252285191956	2_4-6
4036	2	0.000495540138751239	1_2-4
25853	4	0.000154720922136696	2_4-6
45	4	0.0888888888888889	2_4-6
267	5	0.0187265917602996	2_4-6
1273	2	0.00157109190887667	1_2-4
2473	2	0.000808734330772341	1_2-4
212	2	0.00943396226415094	1_2-4
928	2	0.0021551724137931	1_2-4
22	2	0.0909090909090909	1_2-4
1129	14	0.012400354295837	7_14-16
15	3	0.2	1_2-4
14	2	0.142857142857143	1_2-4
572	12	0.020979020979021	6_12-14
40	2	0.05	1_2-4
151	2	0.0132450331125828	1_2-4
3268	5	0.00152998776009792	2_4-6
489	4	0.0081799591002045	2_4-6
107	2	0.0186915887850467	1_2-4
377	2	0.00530503978779841	1_2-4
106	4	0.0377358490566038	2_4-6
9447	2	0.000211707420345083	1_2-4
221	2	0.00904977375565611	1_2-4
2	2	1	1_2-4
8255	2	0.000242277407631738	1_2-4
775	2	0.00258064516129032	1_2-4
10	2	0.2	1_2-4
12	2	0.166666666666667	1_2-4
68	6	0.0882352941176471	3_6-8
151	4	0.0264900662251656	2_4-6
47	3	0.0638297872340425	1_2-4
7	2	0.285714285714286	1_2-4
77	2	0.025974025974026	1_2-4
408	2	0.00490196078431373	1_2-4
4560	3	0.000657894736842105	1_2-4
16	3	0.1875	1_2-4
9952	2	0.00020096463022508	1_2-4
336	12	0.0357142857142857	6_12-14
40	3	0.075	1_2-4
25	2	0.08	1_2-4
528	2	0.00378787878787879	1_2-4
54	4	0.0740740740740741	2_4-6
244	2	0.00819672131147541	1_2-4
578	12	0.0207612456747405	6_12-14
3588	4	0.00111482720178372	2_4-6
38	3	0.0789473684210526	1_2-4
315	2	0.00634920634920635	1_2-4
440	2	0.00454545454545455	1_2-4
13	2	0.153846153846154	1_2-4
1322	3	0.00226928895612708	1_2-4
1028	2	0.00194552529182879	1_2-4
2493	2	0.000802246289610911	1_2-4
3	3	1	1_2-4
2006	3	0.00149551345962114	1_2-4
43	2	0.0465116279069767	1_2-4
159	2	0.0125786163522013	1_2-4
94	4	0.0425531914893617	2_4-6
2365	2	0.000845665961945032	1_2-4
314	2	0.00636942675159236	1_2-4
39	3	0.0769230769230769	1_2-4
28	7	0.25	3_6-8
3	2	0.666666666666667	1_2-4
369	2	0.00542005420054201	1_2-4
1657	3	0.00181050090525045	1_2-4
3679	2	0.000543625985322098	1_2-4
203	3	0.0147783251231527	1_2-4
19	2	0.105263157894737	1_2-4
3720	2	0.000537634408602151	1_2-4
7049	2	0.000283728188395517	1_2-4
91	2	0.021978021978022	1_2-4
40	2	0.05	1_2-4
23	3	0.130434782608696	1_2-4
2205	5	0.00226757369614512	2_4-6
962	7	0.00727650727650728	3_6-8
647	3	0.00463678516228748	1_2-4
54	5	0.0925925925925926	2_4-6
108	3	0.0277777777777778	1_2-4
2458	2	0.00081366965012205	1_2-4
13	2	0.153846153846154	1_2-4
4	2	0.5	1_2-4
6960	2	0.00028735632183908	1_2-4
134	4	0.0298507462686567	2_4-6
48	6	0.125	3_6-8
162	10	0.0617283950617284	5_10-12
12	2	0.166666666666667	1_2-4
66	2	0.0303030303030303	1_2-4
59046	7	0.000118551637706195	3_6-8
7	2	0.285714285714286	1_2-4
8309	2	0.0002407028523288	1_2-4
16	3	0.1875	1_2-4
2259	3	0.00132802124833997	1_2-4
85	5	0.0588235294117647	2_4-6
55	4	0.0727272727272727	2_4-6
137	5	0.0364963503649635	2_4-6
109	3	0.0275229357798165	1_2-4
757	3	0.00396301188903567	1_2-4
25830	2	7.74293457220286e-05	1_2-4
13242	2	0.000151034586920405	1_2-4
69	2	0.0289855072463768	1_2-4
387	3	0.00775193798449612	1_2-4
509	2	0.00392927308447937	1_2-4
693	2	0.00288600288600289	1_2-4
4665	3	0.000643086816720257	1_2-4
3	2	0.666666666666667	1_2-4
10	2	0.2	1_2-4
5	3	0.6	1_2-4
32	2	0.0625	1_2-4
13	4	0.307692307692308	2_4-6
901	2	0.00221975582685905	1_2-4
5	2	0.4	1_2-4
5	3	0.6	1_2-4
526	2	0.00380228136882129	1_2-4
5	2	0.4	1_2-4
4702	2	0.000425350914504466	1_2-4
5481	9	0.00164203612479475	4_8-10
314	2	0.00636942675159236	1_2-4
64	2	0.03125	1_2-4
173	6	0.0346820809248555	3_6-8
44	3	0.0681818181818182	1_2-4
1177	2	0.00169923534409516	1_2-4
223	2	0.00896860986547085	1_2-4
388	2	0.00515463917525773	1_2-4
91	3	0.032967032967033	1_2-4
406	7	0.0172413793103448	3_6-8
391	3	0.00767263427109974	1_2-4
290	6	0.0206896551724138	3_6-8
1509	2	0.00132538104705103	1_2-4
57	8	0.140350877192982	4_8-10
4252	8	0.00188146754468485	4_8-10
28	2	0.0714285714285714	1_2-4
32	3	0.09375	1_2-4
640	4	0.00625	2_4-6
4057	2	0.00049297510475721	1_2-4
61	2	0.0327868852459016	1_2-4
1448	2	0.00138121546961326	1_2-4
91	3	0.032967032967033	1_2-4
6493	3	0.000462036038811027	1_2-4
4307	2	0.000464360343626654	1_2-4
814	2	0.00245700245700246	1_2-4
11	2	0.181818181818182	1_2-4
138	2	0.0144927536231884	1_2-4
10659	3	0.000281452293836195	1_2-4
9785	8	0.000817577925396014	4_8-10
30	4	0.133333333333333	2_4-6
523	11	0.0210325047801147	5_10-12
297	2	0.00673400673400673	1_2-4
26	2	0.0769230769230769	1_2-4
17	3	0.176470588235294	1_2-4
30804	11	0.000357096480976497	5_10-12
3903	2	0.00051242633871381	1_2-4
1343	5	0.00372300819061802	2_4-6
76	3	0.0394736842105263	1_2-4
23	2	0.0869565217391304	1_2-4
5	2	0.4	1_2-4
31	2	0.0645161290322581	1_2-4
949	3	0.00316122233930453	1_2-4
120	2	0.0166666666666667	1_2-4
72	3	0.0416666666666667	1_2-4
4547	2	0.000439850450846712	1_2-4
2080	3	0.00144230769230769	1_2-4
254	3	0.0118110236220472	1_2-4
170	2	0.0117647058823529	1_2-4
3	2	0.666666666666667	1_2-4
6213	3	0.000482858522452921	1_2-4
5	2	0.4	1_2-4
231	2	0.00865800865800866	1_2-4
30	3	0.1	1_2-4
35	2	0.0571428571428571	1_2-4
27	2	0.0740740740740741	1_2-4
17	2	0.117647058823529	1_2-4
726	2	0.00275482093663912	1_2-4
9	2	0.222222222222222	1_2-4
40	4	0.1	2_4-6
2699	2	0.000741015190811412	1_2-4
448	2	0.00446428571428571	1_2-4
123	14	0.113821138211382	7_14-16
12	2	0.166666666666667	1_2-4
204	2	0.00980392156862745	1_2-4
166	11	0.0662650602409639	5_10-12
148	3	0.0202702702702703	1_2-4
56	6	0.107142857142857	3_6-8
7512	2	0.000266240681576145	1_2-4
13268	3	0.000226107928851372	1_2-4
5	3	0.6	1_2-4
42	2	0.0476190476190476	1_2-4
3281	3	0.000914355379457483	1_2-4
769	6	0.00780234070221066	3_6-8
934	2	0.00214132762312634	1_2-4
879	2	0.00227531285551763	1_2-4
4382	2	0.000456412596987677	1_2-4
3	3	1	1_2-4
50654	7	0.000138192442847554	3_6-8
1969	2	0.00101574403250381	1_2-4
190	4	0.0210526315789474	2_4-6
3566	2	0.000560852495793606	1_2-4
7596	9	0.00118483412322275	4_8-10
8187	8	0.000977158910467815	4_8-10
14411	2	0.000138782874193325	1_2-4
12762	2	0.000156715248393669	1_2-4
32	2	0.0625	1_2-4
119	3	0.0252100840336134	1_2-4
94	2	0.0212765957446809	1_2-4
3927	2	0.000509294626941686	1_2-4
29	7	0.241379310344828	3_6-8
2266	2	0.00088261253309797	1_2-4
38	2	0.0526315789473684	1_2-4
7	2	0.285714285714286	1_2-4
72	3	0.0416666666666667	1_2-4
11	3	0.272727272727273	1_2-4
4	2	0.5	1_2-4
4767	2	0.000419551080344032	1_2-4
5	2	0.4	1_2-4
4008	5	0.00124750499001996	2_4-6
502	3	0.00597609561752988	1_2-4
482	2	0.004149377593361	1_2-4
1705	4	0.00234604105571848	2_4-6
59	2	0.0338983050847458	1_2-4
39	2	0.0512820512820513	1_2-4
16995	2	0.000117681671079729	1_2-4
429	5	0.0116550116550117	2_4-6
43	2	0.0465116279069767	1_2-4
93	4	0.043010752688172	2_4-6
42	3	0.0714285714285714	1_2-4
11	2	0.181818181818182	1_2-4
3684	2	0.000542888165038002	1_2-4
6	3	0.5	1_2-4
2748	2	0.000727802037845706	1_2-4
24	2	0.0833333333333333	1_2-4
151	2	0.0132450331125828	1_2-4
92	9	0.0978260869565217	4_8-10
731	3	0.00410396716826265	1_2-4
3	2	0.666666666666667	1_2-4
3253	3	0.000922225637872733	1_2-4
3	2	0.666666666666667	1_2-4
20	2	0.1	1_2-4
41	2	0.0487804878048781	1_2-4
4245	8	0.00188457008244994	4_8-10
5407	3	0.000554836323284631	1_2-4
399	3	0.0075187969924812	1_2-4
6	2	0.333333333333333	1_2-4
233	13	0.055793991416309	6_12-14
33	2	0.0606060606060606	1_2-4
26	3	0.115384615384615	1_2-4
1082	2	0.00184842883548983	1_2-4
4213	2	0.000474721101352955	1_2-4
18	2	0.111111111111111	1_2-4
444	2	0.0045045045045045	1_2-4
9	4	0.444444444444444	2_4-6
186	2	0.010752688172043	1_2-4
218	2	0.00917431192660551	1_2-4
2752	3	0.00109011627906977	1_2-4
2	2	1	1_2-4
16	2	0.125	1_2-4
22	3	0.136363636363636	1_2-4
22	2	0.0909090909090909	1_2-4
54	3	0.0555555555555556	1_2-4
349	7	0.0200573065902579	3_6-8
5594	13	0.0023239184840901	6_12-14
446	2	0.00448430493273543	1_2-4
10	2	0.2	1_2-4
18	2	0.111111111111111	1_2-4
19	3	0.157894736842105	1_2-4
1179	2	0.00169635284139101	1_2-4
3	2	0.666666666666667	1_2-4
1178	2	0.00169779286926995	1_2-4
2	2	1	1_2-4
7	2	0.285714285714286	1_2-4
101	2	0.0198019801980198	1_2-4
8	2	0.25	1_2-4
3	2	0.666666666666667	1_2-4
7	2	0.285714285714286	1_2-4
28	2	0.0714285714285714	1_2-4
20	4	0.2	2_4-6
28	2	0.0714285714285714	1_2-4
8	2	0.25	1_2-4
82	4	0.0487804878048781	2_4-6
20	2	0.1	1_2-4
3	3	1	1_2-4
17	2	0.117647058823529	1_2-4
3410	2	0.000586510263929619	1_2-4
5	2	0.4	1_2-4
8	2	0.25	1_2-4
5	2	0.4	1_2-4
12	3	0.25	1_2-4
4	2	0.5	1_2-4
60	3	0.05	1_2-4
57	4	0.0701754385964912	2_4-6
883	2	0.00226500566251416	1_2-4
37	3	0.0810810810810811	1_2-4
1158	2	0.00172711571675302	1_2-4
2979	2	0.000671366230278617	1_2-4
164	3	0.0182926829268293	1_2-4
13	2	0.153846153846154	1_2-4
75	4	0.0533333333333333	2_4-6
414	3	0.0072463768115942	1_2-4
3	2	0.666666666666667	1_2-4
11266	6	0.000532575892064619	3_6-8
4	2	0.5	1_2-4
1624	3	0.00184729064039409	1_2-4
29	2	0.0689655172413793	1_2-4
1952	2	0.00102459016393443	1_2-4
18	2	0.111111111111111	1_2-4
21	2	0.0952380952380952	1_2-4
6	2	0.333333333333333	1_2-4
9	2	0.222222222222222	1_2-4
2	2	1	1_2-4
2	2	1	1_2-4
82	5	0.0609756097560976	2_4-6
21	3	0.142857142857143	1_2-4
7	2	0.285714285714286	1_2-4
9	5	0.555555555555556	2_4-6
3397	2	0.000588754783632617	1_2-4
345	2	0.00579710144927536	1_2-4
1708	6	0.00351288056206089	3_6-8
6	2	0.333333333333333	1_2-4
12	2	0.166666666666667	1_2-4
9	2	0.222222222222222	1_2-4
29	2	0.0689655172413793	1_2-4
15	2	0.133333333333333	1_2-4
16	2	0.125	1_2-4
4234	2	0.000472366556447804	1_2-4
6	3	0.5	1_2-4
190	2	0.0105263157894737	1_2-4
3	2	0.666666666666667	1_2-4
18	3	0.166666666666667	1_2-4
9	2	0.222222222222222	1_2-4
212	11	0.0518867924528302	5_10-12
7	2	0.285714285714286	1_2-4
5	2	0.4	1_2-4
2	2	1	1_2-4
31	2	0.0645161290322581	1_2-4
47	4	0.0851063829787234	2_4-6
9	2	0.222222222222222	1_2-4
2155	6	0.00278422273781903	3_6-8
968	2	0.00206611570247934	1_2-4
13	3	0.230769230769231	1_2-4
1573	3	0.00190718372536554	1_2-4
94	6	0.0638297872340425	3_6-8
33	2	0.0606060606060606	1_2-4
1623	2	0.00123228589032656	1_2-4
188	6	0.0319148936170213	3_6-8
2371	2	0.000843525938422606	1_2-4
212	2	0.00943396226415094	1_2-4
4176	2	0.000478927203065134	1_2-4
10	4	0.4	2_4-6
531	2	0.00376647834274953	1_2-4
13	2	0.153846153846154	1_2-4
73	3	0.0410958904109589	1_2-4
575	3	0.00521739130434783	1_2-4
6955	5	0.000718907260963336	2_4-6
1230	3	0.0024390243902439	1_2-4
32	2	0.0625	1_2-4
45	4	0.0888888888888889	2_4-6
2313	3	0.0012970168612192	1_2-4
282	10	0.0354609929078014	5_10-12
23	2	0.0869565217391304	1_2-4
201	4	0.0199004975124378	2_4-6
85	2	0.0235294117647059	1_2-4
2088	2	0.000957854406130268	1_2-4
319	2	0.00626959247648903	1_2-4
18	3	0.166666666666667	1_2-4
1539	2	0.00129954515919428	1_2-4
2	2	1	1_2-4
14515	2	0.000137788494660696	1_2-4
45	3	0.0666666666666667	1_2-4
281	2	0.00711743772241993	1_2-4
389	14	0.0359897172236504	7_14-16
48	3	0.0625	1_2-4
13	4	0.307692307692308	2_4-6
424	2	0.00471698113207547	1_2-4
75	3	0.04	1_2-4
22	2	0.0909090909090909	1_2-4
77	4	0.051948051948052	2_4-6
22	2	0.0909090909090909	1_2-4
6462	5	0.000773754255648406	2_4-6
67	2	0.0298507462686567	1_2-4
7	3	0.428571428571429	1_2-4
3	2	0.666666666666667	1_2-4
15508	2	0.000128965695125097	1_2-4
3581	3	0.000837754817090198	1_2-4
17242	2	0.000115995824150331	1_2-4
436	2	0.00458715596330275	1_2-4
62	2	0.032258064516129	1_2-4
6	3	0.5	1_2-4
1278	2	0.00156494522691706	1_2-4
37	9	0.243243243243243	4_8-10
679	2	0.00294550810014728	1_2-4
22	2	0.0909090909090909	1_2-4
1451	2	0.00137835975189524	1_2-4
157	2	0.0127388535031847	1_2-4
8	2	0.25	1_2-4
24	3	0.125	1_2-4
2421	6	0.00247831474597274	3_6-8
4	2	0.5	1_2-4
162	5	0.0308641975308642	2_4-6
1069	3	0.00280636108512629	1_2-4
120	2	0.0166666666666667	1_2-4
8	2	0.25	1_2-4
483	4	0.0082815734989648	2_4-6
1507	2	0.0013271400132714	1_2-4
844	2	0.0023696682464455	1_2-4
105	3	0.0285714285714286	1_2-4
708	8	0.0112994350282486	4_8-10
6	3	0.5	1_2-4
231	6	0.025974025974026	3_6-8
84	2	0.0238095238095238	1_2-4
21	2	0.0952380952380952	1_2-4
26	5	0.192307692307692	2_4-6
289	3	0.0103806228373702	1_2-4
19	3	0.157894736842105	1_2-4
10	2	0.2	1_2-4
262	2	0.00763358778625954	1_2-4
32693	18	0.000550576576025449	9_18-20
102	2	0.0196078431372549	1_2-4
2215	3	0.00135440180586907	1_2-4
13	2	0.153846153846154	1_2-4
28	4	0.142857142857143	2_4-6
334	2	0.00598802395209581	1_2-4
232	5	0.021551724137931	2_4-6
12083	2	0.000165521807498138	1_2-4
11	2	0.181818181818182	1_2-4
423	4	0.00945626477541371	2_4-6
2324	3	0.00129087779690189	1_2-4
2218	2	0.000901713255184851	1_2-4
118	2	0.0169491525423729	1_2-4
7822	3	0.000383533623114293	1_2-4
27	2	0.0740740740740741	1_2-4
5546	6	0.00108186080057699	3_6-8
1127	2	0.00177462289263532	1_2-4
47	5	0.106382978723404	2_4-6
13	2	0.153846153846154	1_2-4
6140	7	0.0011400651465798	3_6-8
6282	3	0.000477554918815664	1_2-4
340	8	0.0235294117647059	4_8-10
8	3	0.375	1_2-4
45	2	0.0444444444444444	1_2-4
57	3	0.0526315789473684	1_2-4
33	2	0.0606060606060606	1_2-4
154	3	0.0194805194805195	1_2-4
50654	7	0.000138192442847554	3_6-8
9781	2	0.000204478069727022	1_2-4
30	4	0.133333333333333	2_4-6
27	3	0.111111111111111	1_2-4
144	3	0.0208333333333333	1_2-4
282	2	0.00709219858156028	1_2-4
4846	7	0.00144449030127941	3_6-8
7573	3	0.000396144196487521	1_2-4
2407	3	0.00124636476942252	1_2-4
7950	5	0.000628930817610063	2_4-6
26020	4	0.000153727901614143	2_4-6
11	2	0.181818181818182	1_2-4
34	2	0.0588235294117647	1_2-4
194	2	0.0103092783505155	1_2-4
21	2	0.0952380952380952	1_2-4
5582	2	0.000358294518093873	1_2-4
92	2	0.0217391304347826	1_2-4
35	2	0.0571428571428571	1_2-4
8598	3	0.000348918353105373	1_2-4
3	3	1	1_2-4
37	2	0.0540540540540541	1_2-4
1033	2	0.00193610842207164	1_2-4
32	2	0.0625	1_2-4
2503	3	0.00119856172592889	1_2-4
56	2	0.0357142857142857	1_2-4
33	2	0.0606060606060606	1_2-4
279	14	0.0501792114695341	7_14-16
10	2	0.2	1_2-4
8	3	0.375	1_2-4
57	2	0.0350877192982456	1_2-4
6	3	0.5	1_2-4
1433	2	0.00139567341242149	1_2-4
7477	5	0.000668717400026749	2_4-6
11074	25	0.00225754018421528	930_24-26
5	2	0.4	1_2-4
566	2	0.00353356890459364	1_2-4
17	2	0.117647058823529	1_2-4
7	2	0.285714285714286	1_2-4
69	2	0.0289855072463768	1_2-4
10	2	0.2	1_2-4
220	13	0.0590909090909091	6_12-14
22	2	0.0909090909090909	1_2-4
2	2	1	1_2-4
38	4	0.105263157894737	2_4-6
47	11	0.234042553191489	5_10-12
134	3	0.0223880597014925	1_2-4
1375	3	0.00218181818181818	1_2-4
666	2	0.003003003003003	1_2-4
1406	2	0.00142247510668563	1_2-4
770	4	0.00519480519480519	2_4-6
7692	2	0.000260010400416017	1_2-4
72	2	0.0277777777777778	1_2-4
7	3	0.428571428571429	1_2-4
29	5	0.172413793103448	2_4-6
7	2	0.285714285714286	1_2-4
2354	2	0.000849617672047579	1_2-4
2011	2	0.000994530084535057	1_2-4
1603	15	0.00935745477230193	7_14-16
767	2	0.00260756192959583	1_2-4
89	4	0.0449438202247191	2_4-6
3675	2	0.00054421768707483	1_2-4
5	3	0.6	1_2-4
150	2	0.0133333333333333	1_2-4
9	6	0.666666666666667	3_6-8
619	10	0.0161550888529887	5_10-12
1308	3	0.00229357798165138	1_2-4
10	2	0.2	1_2-4
20	2	0.1	1_2-4
74	3	0.0405405405405405	1_2-4
4239	7	0.00165133286152394	3_6-8
2893	3	0.00103698582786035	1_2-4
3077	2	0.00064998375040624	1_2-4
7	2	0.285714285714286	1_2-4
8	2	0.25	1_2-4
3225	2	0.00062015503875969	1_2-4
2300	2	0.000869565217391304	1_2-4
1377	2	0.00145243282498184	1_2-4
58	3	0.0517241379310345	1_2-4
834	2	0.00239808153477218	1_2-4
4	2	0.5	1_2-4
4245	2	0.000471142520612485	1_2-4
6554	3	0.00045773573390296	1_2-4
863	2	0.00231749710312862	1_2-4
268	3	0.0111940298507463	1_2-4
274	2	0.0072992700729927	1_2-4
20327	8	0.000393565208835539	4_8-10
283	4	0.0141342756183746	2_4-6
185	2	0.0108108108108108	1_2-4
470	2	0.00425531914893617	1_2-4
239	2	0.00836820083682008	1_2-4
1197	2	0.00167084377610693	1_2-4
1025	5	0.0048780487804878	2_4-6
25	2	0.08	1_2-4
11	2	0.181818181818182	1_2-4
5	2	0.4	1_2-4
7297	3	0.000411127860764698	1_2-4
8	2	0.25	1_2-4
3470	3	0.000864553314121037	1_2-4
446	2	0.00448430493273543	1_2-4
7	2	0.285714285714286	1_2-4
709	2	0.00282087447108604	1_2-4
29	2	0.0689655172413793	1_2-4
822	2	0.0024330900243309	1_2-4
786	2	0.00254452926208651	1_2-4
2821	6	0.0021269053527118	3_6-8
2307	5	0.00216731686172518	2_4-6
70	2	0.0285714285714286	1_2-4
8337	3	0.000359841669665347	1_2-4
83	9	0.108433734939759	4_8-10
7	2	0.285714285714286	1_2-4
19007	3	0.000157836586520756	1_2-4
14	2	0.142857142857143	1_2-4
1365	2	0.00146520146520147	1_2-4
3143	3	0.000954502068087814	1_2-4
36457	7	0.000192007021971089	3_6-8
13459	6	0.000445798350546103	3_6-8
2654	2	0.000753579502637528	1_2-4
571	4	0.00700525394045534	2_4-6
188	5	0.0265957446808511	2_4-6
215	9	0.0418604651162791	4_8-10
67	3	0.0447761194029851	1_2-4
7	2	0.285714285714286	1_2-4
83	4	0.0481927710843374	2_4-6
54	8	0.148148148148148	4_8-10
16	2	0.125	1_2-4
118	3	0.0254237288135593	1_2-4
14017	5	0.000356709709638296	2_4-6
574	2	0.00348432055749129	1_2-4
195	2	0.0102564102564103	1_2-4
528	5	0.00946969696969697	2_4-6
508	2	0.00393700787401575	1_2-4
4756	5	0.00105130361648444	2_4-6
891	3	0.00336700336700337	1_2-4
338	3	0.00887573964497041	1_2-4
618	2	0.00323624595469256	1_2-4
389	2	0.0051413881748072	1_2-4
10	2	0.2	1_2-4
89	7	0.0786516853932584	3_6-8
19796	10	0.000505152556071934	5_10-12
30	3	0.1	1_2-4
4257	4	0.000939628846605591	2_4-6
24	2	0.0833333333333333	1_2-4
43227	3	6.94010687764592e-05	1_2-4
2853	5	0.00175254118471784	2_4-6
12	2	0.166666666666667	1_2-4
2143	3	0.00139990667288847	1_2-4
7381	7	0.000948380978187237	3_6-8
95	6	0.0631578947368421	3_6-8
1927	2	0.00103788271925272	1_2-4
24	2	0.0833333333333333	1_2-4
5	2	0.4	1_2-4
2778	2	0.000719942404607631	1_2-4
3596	3	0.000834260289210234	1_2-4
206	3	0.0145631067961165	1_2-4
3569	2	0.000560381059120202	1_2-4
23218	9	0.000387630286846412	4_8-10
3673	25	0.00680642526545059	930_24-26
5	2	0.4	1_2-4
6484	3	0.000462677359654534	1_2-4
12682	3	0.000236555748304684	1_2-4
188	16	0.0851063829787234	8_16-18
330	2	0.00606060606060606	1_2-4
24	2	0.0833333333333333	1_2-4
11	2	0.181818181818182	1_2-4
31	2	0.0645161290322581	1_2-4
62	3	0.0483870967741935	1_2-4
245	4	0.0163265306122449	2_4-6
5	2	0.4	1_2-4
64	3	0.046875	1_2-4
50	4	0.08	2_4-6
3526	4	0.00113442994895065	2_4-6
176	2	0.0113636363636364	1_2-4
163	8	0.049079754601227	4_8-10
43	4	0.0930232558139535	2_4-6
9	2	0.222222222222222	1_2-4
113	2	0.0176991150442478	1_2-4
4088	4	0.000978473581213307	2_4-6
176	2	0.0113636363636364	1_2-4
3573	2	0.000559753708368318	1_2-4
2847	3	0.00105374077976818	1_2-4
15	2	0.133333333333333	1_2-4
22	4	0.181818181818182	2_4-6
1805	3	0.00166204986149584	1_2-4
127	3	0.0236220472440945	1_2-4
108	2	0.0185185185185185	1_2-4
2751	2	0.000727008360596147	1_2-4
11	2	0.181818181818182	1_2-4
1973	2	0.0010136847440446	1_2-4
8	2	0.25	1_2-4
29	7	0.241379310344828	3_6-8
5	2	0.4	1_2-4
20	4	0.2	2_4-6
1411	3	0.00212615166548547	1_2-4
1470	2	0.00136054421768707	1_2-4
779	2	0.00256739409499358	1_2-4
2625	3	0.00114285714285714	1_2-4
6388	4	0.000626174076393237	2_4-6
660	4	0.00606060606060606	2_4-6
232	11	0.0474137931034483	5_10-12
7888	4	0.00050709939148073	2_4-6
4257	4	0.000939628846605591	2_4-6
26	2	0.0769230769230769	1_2-4
5558	2	0.000359841669665347	1_2-4
168	4	0.0238095238095238	2_4-6
6665	4	0.000600150037509377	2_4-6
9514	2	0.000210216523018709	1_2-4
4	2	0.5	1_2-4
16	3	0.1875	1_2-4
62	3	0.0483870967741935	1_2-4
69	9	0.130434782608696	4_8-10
16	2	0.125	1_2-4
83	11	0.132530120481928	5_10-12
2734	3	0.00109729334308705	1_2-4
18	2	0.111111111111111	1_2-4
25092	2	7.97066794197354e-05	1_2-4
12	2	0.166666666666667	1_2-4
223	2	0.00896860986547085	1_2-4
96	10	0.104166666666667	5_10-12
28499	8	0.000280711603915927	4_8-10
7474	2	0.000267594327000268	1_2-4
11249	3	0.000266690372477554	1_2-4
15	2	0.133333333333333	1_2-4
27	2	0.0740740740740741	1_2-4
4153	2	0.000481579581025764	1_2-4
14760	10	0.000677506775067751	5_10-12
91	2	0.021978021978022	1_2-4
892	2	0.00224215246636771	1_2-4
12196	3	0.000245982289275172	1_2-4
1132	2	0.00176678445229682	1_2-4
17	2	0.117647058823529	1_2-4
934	2	0.00214132762312634	1_2-4
1777	4	0.00225098480585256	2_4-6
309	2	0.00647249190938511	1_2-4
7297	3	0.000411127860764698	1_2-4
26	6	0.230769230769231	3_6-8
1790	6	0.00335195530726257	3_6-8
44	6	0.136363636363636	3_6-8
38902	3	7.71168577451031e-05	1_2-4
155	4	0.0258064516129032	2_4-6
41	2	0.0487804878048781	1_2-4
144	4	0.0277777777777778	2_4-6
19	3	0.157894736842105	1_2-4
29492	19	0.000644242506442425	9_18-20
282	2	0.00709219858156028	1_2-4
11	2	0.181818181818182	1_2-4
55	3	0.0545454545454545	1_2-4
67	4	0.0597014925373134	2_4-6
1151	2	0.00173761946133797	1_2-4
31	2	0.0645161290322581	1_2-4
876	6	0.00684931506849315	3_6-8
7657	3	0.000391798354446911	1_2-4
8	2	0.25	1_2-4
1561	2	0.00128122998078155	1_2-4
144	2	0.0138888888888889	1_2-4
2448	2	0.000816993464052288	1_2-4
1381	2	0.00144822592324403	1_2-4
99	3	0.0303030303030303	1_2-4
21	2	0.0952380952380952	1_2-4
219	5	0.0228310502283105	2_4-6
22891	6	0.000262111746974794	3_6-8
3	2	0.666666666666667	1_2-4
375	3	0.008	1_2-4
15269	3	0.000196476521055734	1_2-4
71	3	0.0422535211267606	1_2-4
4	2	0.5	1_2-4
39	2	0.0512820512820513	1_2-4
712	3	0.00421348314606742	1_2-4
4	2	0.5	1_2-4
23	3	0.130434782608696	1_2-4
59	3	0.0508474576271186	1_2-4
4585	2	0.000436205016357688	1_2-4
233	2	0.00858369098712446	1_2-4
4543	3	0.000660356592559982	1_2-4
29	2	0.0689655172413793	1_2-4
4	2	0.5	1_2-4
1103	2	0.00181323662737987	1_2-4
4	2	0.5	1_2-4
54567	4	7.33043781039823e-05	2_4-6
488	2	0.00409836065573771	1_2-4
2181	2	0.000917010545621275	1_2-4
16	2	0.125	1_2-4
14	2	0.142857142857143	1_2-4
10	2	0.2	1_2-4
327	2	0.00611620795107034	1_2-4
1586	2	0.00126103404791929	1_2-4
668	3	0.00449101796407186	1_2-4
217	14	0.0645161290322581	7_14-16
38	3	0.0789473684210526	1_2-4
40	2	0.05	1_2-4
625	2	0.0032	1_2-4
482	4	0.00829875518672199	2_4-6
9909	4	0.000403673428196589	2_4-6
220	13	0.0590909090909091	6_12-14
1599	2	0.00125078173858662	1_2-4
151	4	0.0264900662251656	2_4-6
11462	6	0.000523468853603211	3_6-8
57	2	0.0350877192982456	1_2-4
203	4	0.0197044334975369	2_4-6
4031	3	0.000744232200446539	1_2-4
466	12	0.0257510729613734	6_12-14
175	15	0.0857142857142857	7_14-16
299	2	0.00668896321070234	1_2-4
23	3	0.130434782608696	1_2-4
207	2	0.00966183574879227	1_2-4
1624	5	0.00307881773399015	2_4-6
5	2	0.4	1_2-4
20	3	0.15	1_2-4
5375	14	0.0026046511627907	7_14-16
91	2	0.021978021978022	1_2-4
19	3	0.157894736842105	1_2-4
366	5	0.0136612021857923	2_4-6
12	4	0.333333333333333	2_4-6
3	2	0.666666666666667	1_2-4
107	3	0.0280373831775701	1_2-4
109	2	0.018348623853211	1_2-4
50	4	0.08	2_4-6
6	2	0.333333333333333	1_2-4
76	2	0.0263157894736842	1_2-4
157	3	0.0191082802547771	1_2-4
13	4	0.307692307692308	2_4-6
1342	3	0.0022354694485842	1_2-4
71	3	0.0422535211267606	1_2-4
4061	4	0.00098497906919478	2_4-6
23	2	0.0869565217391304	1_2-4
299	2	0.00668896321070234	1_2-4
2394	2	0.000835421888053467	1_2-4
21844	2	9.1558322651529e-05	1_2-4
9165	4	0.000436442989634479	2_4-6
233	2	0.00858369098712446	1_2-4
692	3	0.00433526011560694	1_2-4
12	2	0.166666666666667	1_2-4
913	4	0.00438116100766703	2_4-6
468	2	0.00427350427350427	1_2-4
32	4	0.125	2_4-6
3148	3	0.000952986022871665	1_2-4
214	3	0.014018691588785	1_2-4
16	2	0.125	1_2-4
7	2	0.285714285714286	1_2-4
904	4	0.00442477876106195	2_4-6
25	3	0.12	1_2-4
1805	3	0.00166204986149584	1_2-4
10689	7	0.000654878847413229	3_6-8
34	8	0.235294117647059	4_8-10
70	2	0.0285714285714286	1_2-4
2953	4	0.00135455469014561	2_4-6
22	3	0.136363636363636	1_2-4
158	18	0.113924050632911	9_18-20
41	3	0.0731707317073171	1_2-4
9513	4	0.000420477241669295	2_4-6
290	2	0.00689655172413793	1_2-4
9809	2	0.000203894382709756	1_2-4
228	2	0.0087719298245614	1_2-4
640	2	0.003125	1_2-4
8370	4	0.0004778972520908	2_4-6
8557	3	0.00035059016010284	1_2-4
46	2	0.0434782608695652	1_2-4
336	2	0.00595238095238095	1_2-4
114	3	0.0263157894736842	1_2-4
3	2	0.666666666666667	1_2-4
74	2	0.027027027027027	1_2-4
1958	6	0.00306435137895812	3_6-8
44	5	0.113636363636364	2_4-6
13023	4	0.000307148890424633	2_4-6
2256	2	0.000886524822695035	1_2-4
142	3	0.0211267605633803	1_2-4
34	5	0.147058823529412	2_4-6
23	2	0.0869565217391304	1_2-4
14	2	0.142857142857143	1_2-4
17	3	0.176470588235294	1_2-4
1136	4	0.00352112676056338	2_4-6
831	4	0.00481347773766546	2_4-6
106	2	0.0188679245283019	1_2-4
46	3	0.0652173913043478	1_2-4
28	5	0.178571428571429	2_4-6
59	11	0.186440677966102	5_10-12
90	2	0.0222222222222222	1_2-4
311	2	0.00643086816720257	1_2-4
40	2	0.05	1_2-4
45	3	0.0666666666666667	1_2-4
409	2	0.00488997555012225	1_2-4
22	2	0.0909090909090909	1_2-4
8941	3	0.000335532938150095	1_2-4
9	2	0.222222222222222	1_2-4
11	2	0.181818181818182	1_2-4
19	2	0.105263157894737	1_2-4
13995	2	0.00014290818149339	1_2-4
664	5	0.00753012048192771	2_4-6
964	2	0.0020746887966805	1_2-4
288	9	0.03125	4_8-10
49	2	0.0408163265306122	1_2-4
17339	8	0.000461387623277006	4_8-10
444	3	0.00675675675675676	1_2-4
21221	5	0.000235615663729325	2_4-6
28	2	0.0714285714285714	1_2-4
21	2	0.0952380952380952	1_2-4
23	3	0.130434782608696	1_2-4
7484	7	0.000935328701229289	3_6-8
26	2	0.0769230769230769	1_2-4
10	2	0.2	1_2-4
674	2	0.0029673590504451	1_2-4
34	2	0.0588235294117647	1_2-4
1514	2	0.00132100396301189	1_2-4
175	3	0.0171428571428571	1_2-4
109	2	0.018348623853211	1_2-4
4	2	0.5	1_2-4
23	2	0.0869565217391304	1_2-4
690	2	0.00289855072463768	1_2-4
1245	2	0.00160642570281125	1_2-4
16	2	0.125	1_2-4
8715	3	0.000344234079173838	1_2-4
62	3	0.0483870967741935	1_2-4
279	15	0.0537634408602151	7_14-16
10853	4	0.000368561688012531	2_4-6
29	2	0.0689655172413793	1_2-4
36563	9	0.000246150479993436	4_8-10
753	3	0.00398406374501992	1_2-4
34	2	0.0588235294117647	1_2-4
1129	2	0.00177147918511957	1_2-4
3	2	0.666666666666667	1_2-4
6107	3	0.000491239561159325	1_2-4
20331	2	9.83719443214795e-05	1_2-4
166	4	0.0240963855421687	2_4-6
556	2	0.00359712230215827	1_2-4
18741	2	0.000106717891254469	1_2-4
100	5	0.05	2_4-6
39	2	0.0512820512820513	1_2-4
1149	2	0.00174064403829417	1_2-4
4731	4	0.000845487212005918	2_4-6
6	3	0.5	1_2-4
390	25	0.0641025641025641	930_24-26
11016	21	0.00190631808278867	910_20-22
103	8	0.0776699029126214	4_8-10
27	2	0.0740740740740741	1_2-4
1843	2	0.0010851871947911	1_2-4
782	5	0.00639386189258312	2_4-6
46016	11	0.000239047287899861	5_10-12
214	2	0.00934579439252336	1_2-4
28	7	0.25	3_6-8
2762	2	0.000724112961622013	1_2-4
54	2	0.037037037037037	1_2-4
364	24	0.0659340659340659	930_24-26
5	2	0.4	1_2-4
12	4	0.333333333333333	2_4-6
139	4	0.0287769784172662	2_4-6
17479	6	0.000343269065736026	3_6-8
35	4	0.114285714285714	2_4-6
208	3	0.0144230769230769	1_2-4
429	5	0.0116550116550117	2_4-6
12	3	0.25	1_2-4
6	2	0.333333333333333	1_2-4
133	6	0.0451127819548872	3_6-8
34	3	0.0882352941176471	1_2-4
1102	2	0.00181488203266788	1_2-4
51	3	0.0588235294117647	1_2-4
791	2	0.00252844500632111	1_2-4
40	2	0.05	1_2-4
18019	2	0.00011099395082968	1_2-4
2237	3	0.00134108180599017	1_2-4
223	4	0.0179372197309417	2_4-6
34480	5	0.000145011600928074	2_4-6
163	5	0.0306748466257669	2_4-6
135	2	0.0148148148148148	1_2-4
15	4	0.266666666666667	2_4-6
96	3	0.03125	1_2-4
7679	2	0.000260450579502539	1_2-4
27991	2	7.14515379943553e-05	1_2-4
6972	2	0.000286861732644865	1_2-4
1537	2	0.00130123617436565	1_2-4
15	3	0.2	1_2-4
510	3	0.00588235294117647	1_2-4
17	2	0.117647058823529	1_2-4
149	2	0.0134228187919463	1_2-4
2437	2	0.000820681165367255	1_2-4
7	2	0.285714285714286	1_2-4
81	6	0.0740740740740741	3_6-8
541	3	0.0055452865064695	1_2-4
109	2	0.018348623853211	1_2-4
56	2	0.0357142857142857	1_2-4
3	3	1	1_2-4
8494	3	0.000353190487402873	1_2-4
48	6	0.125	3_6-8
5	2	0.4	1_2-4
2634	2	0.000759301442672741	1_2-4
740	2	0.0027027027027027	1_2-4
1856	3	0.00161637931034483	1_2-4
35	3	0.0857142857142857	1_2-4
4189	6	0.00143232275005968	3_6-8
359	3	0.00835654596100279	1_2-4
2	2	1	1_2-4
303	3	0.0099009900990099	1_2-4
8517	10	0.0011741223435482	5_10-12
1095	2	0.00182648401826484	1_2-4
3013	2	0.000663790242283438	1_2-4
419	4	0.00954653937947494	2_4-6
10	2	0.2	1_2-4
25	2	0.08	1_2-4
24	2	0.0833333333333333	1_2-4
189	2	0.0105820105820106	1_2-4
13	2	0.153846153846154	1_2-4
117	6	0.0512820512820513	3_6-8
3	2	0.666666666666667	1_2-4
30	5	0.166666666666667	2_4-6
711	2	0.00281293952180028	1_2-4
24381	2	8.20310897830278e-05	1_2-4
8795	3	0.000341102899374645	1_2-4
24	2	0.0833333333333333	1_2-4
2408	4	0.00166112956810631	2_4-6
31	2	0.0645161290322581	1_2-4
2309	2	0.00086617583369424	1_2-4
27810	2	7.19165767709457e-05	1_2-4
667	3	0.00449775112443778	1_2-4
129	3	0.0232558139534884	1_2-4
78	3	0.0384615384615385	1_2-4
5	4	0.8	2_4-6
760	2	0.00263157894736842	1_2-4
5	2	0.4	1_2-4
143	2	0.013986013986014	1_2-4
209	2	0.00956937799043062	1_2-4
3	2	0.666666666666667	1_2-4
2	2	1	1_2-4
18	2	0.111111111111111	1_2-4
58	2	0.0344827586206897	1_2-4
1635	2	0.00122324159021407	1_2-4
338	3	0.00887573964497041	1_2-4
9110	4	0.000439077936333699	2_4-6
5	2	0.4	1_2-4
16	3	0.1875	1_2-4
1872	3	0.0016025641025641	1_2-4
8	3	0.375	1_2-4
58	2	0.0344827586206897	1_2-4
17	6	0.352941176470588	3_6-8
2985	2	0.000670016750418761	1_2-4
261	2	0.00766283524904215	1_2-4
7203	2	0.00027766208524226	1_2-4
377	2	0.00530503978779841	1_2-4
1509	10	0.00662690523525514	5_10-12
2915	2	0.000686106346483705	1_2-4
6120	5	0.000816993464052288	2_4-6
113	2	0.0176991150442478	1_2-4
17	3	0.176470588235294	1_2-4
4433	2	0.000451161741484322	1_2-4
6	3	0.5	1_2-4
534	3	0.00561797752808989	1_2-4
18273	6	0.00032835330815958	3_6-8
153	3	0.0196078431372549	1_2-4
2938	5	0.00170183798502383	2_4-6
318	3	0.00943396226415094	1_2-4
208	5	0.0240384615384615	2_4-6
15	2	0.133333333333333	1_2-4
531	2	0.00376647834274953	1_2-4
7	2	0.285714285714286	1_2-4
5	2	0.4	1_2-4
3656	2	0.000547045951859956	1_2-4
5319	3	0.000564015792442188	1_2-4
2140	2	0.000934579439252336	1_2-4
149	2	0.0134228187919463	1_2-4
81	2	0.0246913580246914	1_2-4
9447	5	0.000529268550862708	2_4-6
1704	5	0.00293427230046948	2_4-6
35016	7	0.000199908613205392	3_6-8
218	6	0.0275229357798165	3_6-8
230	2	0.00869565217391304	1_2-4
69	2	0.0289855072463768	1_2-4
115	5	0.0434782608695652	2_4-6
9738	6	0.000616142945163278	3_6-8
10804	2	0.000185116623472788	1_2-4
94	3	0.0319148936170213	1_2-4
2604	3	0.00115207373271889	1_2-4
12914	7	0.000542047390428992	3_6-8
18	4	0.222222222222222	2_4-6
1304	2	0.00153374233128834	1_2-4
4	2	0.5	1_2-4
41	3	0.0731707317073171	1_2-4
87	4	0.0459770114942529	2_4-6
41275	4	9.69109630526953e-05	2_4-6
36	2	0.0555555555555556	1_2-4
793	2	0.00252206809583859	1_2-4
4	2	0.5	1_2-4
7270	2	0.000275103163686382	1_2-4
1618	3	0.00185414091470952	1_2-4
5	2	0.4	1_2-4
1248	2	0.0016025641025641	1_2-4
81	10	0.123456790123457	5_10-12
46911	4	8.52678476263563e-05	2_4-6
8184	19	0.00232160312805474	9_18-20
1419	2	0.00140944326990839	1_2-4
21629	2	9.24684451430949e-05	1_2-4
744	2	0.00268817204301075	1_2-4
16135	2	0.000123954136969321	1_2-4
24	2	0.0833333333333333	1_2-4
623	2	0.00321027287319422	1_2-4
8	2	0.25	1_2-4
328	2	0.00609756097560976	1_2-4
2	2	1	1_2-4
4233	2	0.00047247814788566	1_2-4
11055	3	0.000271370420624152	1_2-4
170	5	0.0294117647058824	2_4-6
134	2	0.0149253731343284	1_2-4
282	2	0.00709219858156028	1_2-4
282	3	0.0106382978723404	1_2-4
293	2	0.0068259385665529	1_2-4
10	2	0.2	1_2-4
263	9	0.0342205323193916	4_8-10
524	2	0.00381679389312977	1_2-4
12	2	0.166666666666667	1_2-4
53	2	0.0377358490566038	1_2-4
299	2	0.00668896321070234	1_2-4
535	2	0.00373831775700935	1_2-4
49	2	0.0408163265306122	1_2-4
59	2	0.0338983050847458	1_2-4
26	2	0.0769230769230769	1_2-4
9	2	0.222222222222222	1_2-4
4	2	0.5	1_2-4
41	3	0.0731707317073171	1_2-4
8690	3	0.000345224395857307	1_2-4
10	2	0.2	1_2-4
30	2	0.0666666666666667	1_2-4
898	6	0.0066815144766147	3_6-8
17	3	0.176470588235294	1_2-4
39	4	0.102564102564103	2_4-6
38	5	0.131578947368421	2_4-6
518	3	0.00579150579150579	1_2-4
5	2	0.4	1_2-4
116	2	0.0172413793103448	1_2-4
2169	2	0.000922083909635777	1_2-4
689	3	0.00435413642960813	1_2-4
344	2	0.00581395348837209	1_2-4
7659	4	0.000522261391826609	2_4-6
360	6	0.0166666666666667	3_6-8
440	2	0.00454545454545455	1_2-4
38	4	0.105263157894737	2_4-6
175	2	0.0114285714285714	1_2-4
2599	4	0.0015390534821085	2_4-6
5	2	0.4	1_2-4
129	4	0.0310077519379845	2_4-6
27	6	0.222222222222222	3_6-8
16	3	0.1875	1_2-4
99	2	0.0202020202020202	1_2-4
71	2	0.028169014084507	1_2-4
242	4	0.0165289256198347	2_4-6
1227	2	0.00162999185004075	1_2-4
54	2	0.037037037037037	1_2-4
251	2	0.00796812749003984	1_2-4
296	10	0.0337837837837838	5_10-12
7837	8	0.00102079877504147	4_8-10
36	2	0.0555555555555556	1_2-4
1407	3	0.00213219616204691	1_2-4
1116	2	0.0017921146953405	1_2-4
74	3	0.0405405405405405	1_2-4
260	2	0.00769230769230769	1_2-4
64	7	0.109375	3_6-8
1233	3	0.0024330900243309	1_2-4
5	2	0.4	1_2-4
20	2	0.1	1_2-4
4767	3	0.000629326620516048	1_2-4
140	2	0.0142857142857143	1_2-4
3	2	0.666666666666667	1_2-4
557	2	0.00359066427289048	1_2-4
20951	13	0.000620495441745024	6_12-14
11	3	0.272727272727273	1_2-4
429	5	0.0116550116550117	2_4-6
1813	5	0.00275785990071704	2_4-6
608	4	0.00657894736842105	2_4-6
713	2	0.00280504908835905	1_2-4
34	2	0.0588235294117647	1_2-4
29	2	0.0689655172413793	1_2-4
17	2	0.117647058823529	1_2-4
19	3	0.157894736842105	1_2-4
17	2	0.117647058823529	1_2-4
108	3	0.0277777777777778	1_2-4
141	3	0.0212765957446809	1_2-4
137	5	0.0364963503649635	2_4-6
20	2	0.1	1_2-4
186	9	0.0483870967741935	4_8-10
7130	2	0.000280504908835905	1_2-4
5676	3	0.000528541226215645	1_2-4
9924	4	0.000403063280935107	2_4-6
29	2	0.0689655172413793	1_2-4
163	6	0.0368098159509202	3_6-8
27	2	0.0740740740740741	1_2-4
23	2	0.0869565217391304	1_2-4
45	3	0.0666666666666667	1_2-4
6111	2	0.000327278677794142	1_2-4
169	7	0.0414201183431953	3_6-8
32	2	0.0625	1_2-4
229	3	0.0131004366812227	1_2-4
151	2	0.0132450331125828	1_2-4
294	2	0.00680272108843537	1_2-4
2694	2	0.000742390497401633	1_2-4
10	2	0.2	1_2-4
97	2	0.0206185567010309	1_2-4
2	2	1	1_2-4
2	2	1	1_2-4
43	2	0.0465116279069767	1_2-4
6305	9	0.0014274385408406	4_8-10
2616	2	0.000764525993883792	1_2-4
9	2	0.222222222222222	1_2-4
420	2	0.00476190476190476	1_2-4
60	2	0.0333333333333333	1_2-4
104	2	0.0192307692307692	1_2-4
1009	2	0.00198216055500496	1_2-4
154	2	0.012987012987013	1_2-4
137	2	0.0145985401459854	1_2-4
174	13	0.0747126436781609	6_12-14
230	2	0.00869565217391304	1_2-4
3162	2	0.000632511068943707	1_2-4
17	2	0.117647058823529	1_2-4
40	3	0.075	1_2-4
3	2	0.666666666666667	1_2-4
108	3	0.0277777777777778	1_2-4
59	3	0.0508474576271186	1_2-4
970	2	0.00206185567010309	1_2-4
1523	2	0.00131319763624425	1_2-4
14	2	0.142857142857143	1_2-4
4622	2	0.00043271311120727	1_2-4
519	3	0.00578034682080925	1_2-4
3	2	0.666666666666667	1_2-4
52	2	0.0384615384615385	1_2-4
150	3	0.02	1_2-4
683	2	0.00292825768667643	1_2-4
2	2	1	1_2-4
3	2	0.666666666666667	1_2-4
110	5	0.0454545454545455	2_4-6
2592	2	0.000771604938271605	1_2-4
105	2	0.019047619047619	1_2-4
108	2	0.0185185185185185	1_2-4
129	2	0.0155038759689922	1_2-4
6	2	0.333333333333333	1_2-4
25	2	0.08	1_2-4
28	2	0.0714285714285714	1_2-4
522	2	0.00383141762452107	1_2-4
217	3	0.0138248847926267	1_2-4
437	2	0.0045766590389016	1_2-4
10	2	0.2	1_2-4
899	5	0.00556173526140156	2_4-6
354	2	0.00564971751412429	1_2-4
5008	5	0.000998402555910543	2_4-6
483	4	0.0082815734989648	2_4-6
5	2	0.4	1_2-4
13	3	0.230769230769231	1_2-4
195	2	0.0102564102564103	1_2-4
3303	8	0.00242204056917953	4_8-10
106	3	0.0283018867924528	1_2-4
229	2	0.00873362445414847	1_2-4
15895	2	0.000125825731362064	1_2-4
530	2	0.00377358490566038	1_2-4
106	2	0.0188679245283019	1_2-4
4	2	0.5	1_2-4
103	2	0.0194174757281553	1_2-4
6	2	0.333333333333333	1_2-4
1358	2	0.00147275405007364	1_2-4
1829	2	0.00109349371241115	1_2-4
2	2	1	1_2-4
15	2	0.133333333333333	1_2-4
470	5	0.0106382978723404	2_4-6
26	3	0.115384615384615	1_2-4
8521	3	0.000352071353127567	1_2-4
774	2	0.00258397932816537	1_2-4
756	2	0.00264550264550265	1_2-4
566	3	0.00530035335689046	1_2-4
4	2	0.5	1_2-4
773	3	0.00388098318240621	1_2-4
50	2	0.04	1_2-4
110	2	0.0181818181818182	1_2-4
158	2	0.0126582278481013	1_2-4
33	2	0.0606060606060606	1_2-4
526	10	0.0190114068441065	5_10-12
1880	2	0.00106382978723404	1_2-4
8765	6	0.000684540787221905	3_6-8
101	3	0.0297029702970297	1_2-4
468	12	0.0256410256410256	6_12-14
38	3	0.0789473684210526	1_2-4
637	2	0.00313971742543171	1_2-4
197	2	0.0101522842639594	1_2-4
266	5	0.018796992481203	2_4-6
315	2	0.00634920634920635	1_2-4
1970	2	0.00101522842639594	1_2-4
3	2	0.666666666666667	1_2-4
8692	6	0.000690289921767142	3_6-8
213	3	0.0140845070422535	1_2-4
3996	5	0.00125125125125125	2_4-6
8964	4	0.000446229361892012	2_4-6
10	2	0.2	1_2-4
32	3	0.09375	1_2-4
259	3	0.0115830115830116	1_2-4
249	2	0.00803212851405622	1_2-4
118	2	0.0169491525423729	1_2-4
8967	2	0.000223040035686406	1_2-4
2133	2	0.00093764650726676	1_2-4
6	3	0.5	1_2-4
632	4	0.00632911392405063	2_4-6
17	3	0.176470588235294	1_2-4
1951	4	0.00205023065094823	2_4-6
32	2	0.0625	1_2-4
22	3	0.136363636363636	1_2-4
2662	2	0.000751314800901578	1_2-4
2813	2	0.000710984713828653	1_2-4
123	2	0.016260162601626	1_2-4
60	4	0.0666666666666667	2_4-6
13661	3	0.000219603250128102	1_2-4
2480	3	0.00120967741935484	1_2-4
403	4	0.00992555831265509	2_4-6
298	4	0.0134228187919463	2_4-6
1209	2	0.00165425971877585	1_2-4
1197	2	0.00167084377610693	1_2-4
4023	6	0.00149142431021626	3_6-8
1821	8	0.00439319055464031	4_8-10
279	2	0.00716845878136201	1_2-4
1139	3	0.00263388937664618	1_2-4
366	2	0.00546448087431694	1_2-4
53	2	0.0377358490566038	1_2-4
3124	3	0.000960307298335467	1_2-4
6	2	0.333333333333333	1_2-4
559	2	0.0035778175313059	1_2-4
2861	17	0.00594197832925551	8_16-18
193	2	0.0103626943005181	1_2-4
99	2	0.0202020202020202	1_2-4
30	2	0.0666666666666667	1_2-4
1149	11	0.00957354221061793	5_10-12
13767	3	0.000217912399215515	1_2-4
2226	20	0.00898472596585804	910_20-22
7148	2	0.000279798545047566	1_2-4
263	3	0.0114068441064639	1_2-4
608	2	0.00328947368421053	1_2-4
6	2	0.333333333333333	1_2-4
83	2	0.0240963855421687	1_2-4
3416	2	0.000585480093676815	1_2-4
7237	6	0.000829072820229377	3_6-8
15	3	0.2	1_2-4
1365	6	0.0043956043956044	3_6-8
37	3	0.0810810810810811	1_2-4
85	2	0.0235294117647059	1_2-4
3103	3	0.000966806316467934	1_2-4
5306	2	0.000376931775348662	1_2-4
549	3	0.00546448087431694	1_2-4
29	2	0.0689655172413793	1_2-4
6	2	0.333333333333333	1_2-4
116	5	0.0431034482758621	2_4-6
261	2	0.00766283524904215	1_2-4
5	2	0.4	1_2-4
61	2	0.0327868852459016	1_2-4
4215	3	0.000711743772241993	1_2-4
558	2	0.003584229390681	1_2-4
1199	2	0.00166805671392827	1_2-4
151	2	0.0132450331125828	1_2-4
92	2	0.0217391304347826	1_2-4
64	2	0.03125	1_2-4
1221	5	0.0040950040950041	2_4-6
1304	11	0.00843558282208589	5_10-12
2156	2	0.000927643784786642	1_2-4
44	3	0.0681818181818182	1_2-4
9274	2	0.000215656674574078	1_2-4
4422	3	0.00067842605156038	1_2-4
47	2	0.0425531914893617	1_2-4
202	20	0.099009900990099	910_20-22
266	2	0.0075187969924812	1_2-4
2484	2	0.000805152979066023	1_2-4
12881	2	0.000155267448179489	1_2-4
8	2	0.25	1_2-4
14659	5	0.000341087386588444	2_4-6
32	2	0.0625	1_2-4
13	4	0.307692307692308	2_4-6
13	2	0.153846153846154	1_2-4
1497	2	0.00133600534402138	1_2-4
2496	6	0.00240384615384615	3_6-8
1409	2	0.0014194464158978	1_2-4
6	2	0.333333333333333	1_2-4
74	2	0.027027027027027	1_2-4
62	2	0.032258064516129	1_2-4
668	3	0.00449101796407186	1_2-4
53	3	0.0566037735849057	1_2-4
287	2	0.00696864111498258	1_2-4
6494	2	0.000307976593778873	1_2-4
173	2	0.0115606936416185	1_2-4
2272	2	0.000880281690140845	1_2-4
301	2	0.00664451827242525	1_2-4
1558	2	0.00128369704749679	1_2-4
106346	17	0.00015985556579467	8_16-18
22266	5	0.000224557621485673	2_4-6
4597	11	0.00239286491189906	5_10-12
6228	2	0.000321130378933847	1_2-4
7074	2	0.000282725473565168	1_2-4
14790	2	0.000135226504394861	1_2-4
78	2	0.0256410256410256	1_2-4
9496	2	0.0002106149957877	1_2-4
23	2	0.0869565217391304	1_2-4
3	2	0.666666666666667	1_2-4
32	2	0.0625	1_2-4
1506	2	0.00132802124833997	1_2-4
2512	4	0.00159235668789809	2_4-6
5	2	0.4	1_2-4
72	2	0.0277777777777778	1_2-4
2	2	1	1_2-4
5132	3	0.000584567420109119	1_2-4
77128	15	0.00019448190021782	7_14-16
607	2	0.00329489291598023	1_2-4
21	2	0.0952380952380952	1_2-4
3	2	0.666666666666667	1_2-4
6410	2	0.00031201248049922	1_2-4
64	4	0.0625	2_4-6
479	2	0.00417536534446764	1_2-4
19	2	0.105263157894737	1_2-4
1010	2	0.00198019801980198	1_2-4
140	2	0.0142857142857143	1_2-4
40	2	0.05	1_2-4
2224	2	0.000899280575539568	1_2-4
3141	2	0.000636739891754218	1_2-4
795	6	0.00754716981132075	3_6-8
545	2	0.0036697247706422	1_2-4
658	2	0.00303951367781155	1_2-4
7456	3	0.000402360515021459	1_2-4
5939	2	0.000336757029802997	1_2-4
3	2	0.666666666666667	1_2-4
5279	2	0.000378859632506156	1_2-4
18947	2	0.000105557608064601	1_2-4
314	2	0.00636942675159236	1_2-4
41497	14	0.000337373786056823	7_14-16
29151	9	0.000308737264587836	4_8-10
4526	2	0.000441891294741494	1_2-4
8745	2	0.000228702115494568	1_2-4
14421	7	0.000485403231398655	3_6-8
2739	2	0.000730193501277839	1_2-4
23892	2	8.37100284614097e-05	1_2-4
2251	2	0.000888494002665482	1_2-4
878	2	0.00227790432801822	1_2-4
5900	4	0.000677966101694915	2_4-6
9942	2	0.00020116676725005	1_2-4
798	2	0.0025062656641604	1_2-4
4111	3	0.000729749452687911	1_2-4
81	6	0.0740740740740741	3_6-8
4035	3	0.000743494423791822	1_2-4
35	3	0.0857142857142857	1_2-4
90	3	0.0333333333333333	1_2-4
579	2	0.00345423143350604	1_2-4
28	5	0.178571428571429	2_4-6
1270	4	0.0031496062992126	2_4-6
3474	6	0.00172711571675302	3_6-8
792	2	0.00252525252525253	1_2-4
243	2	0.00823045267489712	1_2-4
1213	5	0.00412201154163232	2_4-6
1603	2	0.00124766063630692	1_2-4
